   1.0000610e-02   9.2844857e-01
   9.9914551e-03   9.2747148e-01
   9.9822998e-03   9.2649532e-01
   9.9731445e-03   9.2552010e-01
   9.9639893e-03   9.2454585e-01
   9.9548340e-03   9.2357253e-01
   9.9456787e-03   9.2260016e-01
   9.9365234e-03   9.2162873e-01
   9.9273682e-03   9.2065825e-01
   9.9182129e-03   9.1968871e-01
   9.9090576e-03   9.1872010e-01
   9.8999023e-03   9.1775244e-01
   9.8907471e-03   9.1678571e-01
   9.8815918e-03   9.1581991e-01
   9.8724365e-03   9.1485505e-01
   9.8632813e-03   9.1389112e-01
   9.8541260e-03   9.1034509e-01
   9.8449707e-03   9.0692558e-01
   9.8358154e-03   9.0497282e-01
   9.8266602e-03   9.0529044e-01
   9.8175049e-03   9.0773588e-01
   9.8083496e-03   9.1127985e-01
   9.7991943e-03   9.1472650e-01
   9.7900391e-03   9.1719797e-01
   9.7808838e-03   9.1869958e-01
   9.7717285e-03   9.1940475e-01
   9.7625732e-03   9.1913420e-01
   9.7534180e-03   9.1799157e-01
   9.7442627e-03   9.1632186e-01
   9.7351074e-03   9.1462093e-01
   9.7259521e-03   9.1390740e-01
   9.7167969e-03   9.1494057e-01
   9.7076416e-03   9.1743213e-01
   9.6984863e-03   9.2034250e-01
   9.6893311e-03   9.2277273e-01
   9.6801758e-03   9.2483770e-01
   9.6710205e-03   9.2676640e-01
   9.6618652e-03   9.2835098e-01
   9.6527100e-03   9.2935133e-01
   9.6435547e-03   9.3015941e-01
   9.6343994e-03   9.3065327e-01
   9.6252441e-03   9.3034059e-01
   9.6160889e-03   9.2930789e-01
   9.6069336e-03   9.2817444e-01
   9.5977783e-03   9.2784725e-01
   9.5886230e-03   9.2854890e-01
   9.5794678e-03   9.3010336e-01
   9.5703125e-03   9.3259486e-01
   9.5611572e-03   9.3549850e-01
   9.5520020e-03   9.3780328e-01
   9.5428467e-03   9.3778590e-01
   9.5336914e-03   9.3474778e-01
   9.5245361e-03   9.3000592e-01
   9.5153809e-03   9.2516683e-01
   9.5062256e-03   9.2073683e-01
   9.4970703e-03   9.1643612e-01
   9.4879150e-03   9.1254372e-01
   9.4787598e-03   9.0995302e-01
   9.4696045e-03   9.0885242e-01
   9.4604492e-03   9.0902185e-01
   9.4512939e-03   9.1013250e-01
   9.4421387e-03   9.1143213e-01
   9.4329834e-03   9.1210917e-01
   9.4238281e-03   9.1195461e-01
   9.4146729e-03   9.1129616e-01
   9.4055176e-03   9.1037630e-01
   9.3963623e-03   9.0928403e-01
   9.3872070e-03   9.0807193e-01
   9.3780518e-03   9.0705419e-01
   9.3688965e-03   9.0681015e-01
   9.3597412e-03   9.0712563e-01
   9.3505859e-03   9.0796375e-01
   9.3414307e-03   9.0941631e-01
   9.3322754e-03   9.1143034e-01
   9.3231201e-03   9.1380430e-01
   9.3139648e-03   9.1581509e-01
   9.3048096e-03   9.1723841e-01
   9.2956543e-03   9.1824345e-01
   9.2864990e-03   9.1904729e-01
   9.2773438e-03   9.1991871e-01
   9.2681885e-03   9.2079755e-01
   9.2590332e-03   9.2206426e-01
   9.2498779e-03   9.2359026e-01
   9.2407227e-03   9.2476298e-01
   9.2315674e-03   9.2512681e-01
   9.2224121e-03   9.2542647e-01
   9.2132568e-03   9.2708895e-01
   9.2041016e-03   9.3046017e-01
   9.1949463e-03   9.3467941e-01
   9.1857910e-03   9.3871170e-01
   9.1766357e-03   9.4248943e-01
   9.1674805e-03   9.4613657e-01
   9.1583252e-03   9.4865647e-01
   9.1491699e-03   9.4948854e-01
   9.1400146e-03   9.4918460e-01
   9.1308594e-03   9.4880934e-01
   9.1217041e-03   9.4833895e-01
   9.1125488e-03   9.4694190e-01
   9.1033936e-03   9.4480626e-01
   9.0942383e-03   9.4270425e-01
   9.0850830e-03   9.4073520e-01
   9.0759277e-03   9.3837056e-01
   9.0667725e-03   9.3507470e-01
   9.0576172e-03   9.3117822e-01
   9.0484619e-03   9.2714610e-01
   9.0393066e-03   9.2321250e-01
   9.0301514e-03   9.1922666e-01
   9.0209961e-03   9.1541057e-01
   9.0118408e-03   9.1254051e-01
   9.0026855e-03   9.1058365e-01
   8.9935303e-03   9.0905202e-01
   8.9843750e-03   9.0782639e-01
   8.9752197e-03   9.0742850e-01
   8.9660645e-03   9.0833181e-01
   8.9569092e-03   9.1041223e-01
   8.9477539e-03   9.1375134e-01
   8.9385986e-03   9.1778291e-01
   8.9294434e-03   9.2101005e-01
   8.9202881e-03   9.2230126e-01
   8.9111328e-03   9.2229782e-01
   8.9019775e-03   9.2222746e-01
   8.8928223e-03   9.2170797e-01
   8.8836670e-03   9.1997559e-01
   8.8745117e-03   9.1759885e-01
   8.8653564e-03   9.1569254e-01
   8.8562012e-03   9.1463385e-01
   8.8470459e-03   9.1393403e-01
   8.8378906e-03   9.1368310e-01
   8.8287354e-03   9.1454080e-01
   8.8195801e-03   9.1683584e-01
   8.8104248e-03   9.2029161e-01
   8.8012695e-03   9.2444745e-01
   8.7921143e-03   9.2915341e-01
   8.7829590e-03   9.3449515e-01
   8.7738037e-03   9.4043662e-01
   8.7646484e-03   9.4677331e-01
   8.7554932e-03   9.5320700e-01
   8.7463379e-03   9.5961616e-01
   8.7371826e-03   9.6530790e-01
   8.7280273e-03   9.6964129e-01
   8.7188721e-03   9.7253578e-01
   8.7097168e-03   9.7418465e-01
   8.7005615e-03   9.7466754e-01
   8.6914063e-03   9.7364200e-01
   8.6822510e-03   9.7141443e-01
   8.6730957e-03   9.6841568e-01
   8.6639404e-03   9.6460764e-01
   8.6547852e-03   9.6000685e-01
   8.6456299e-03   9.5484042e-01
   8.6364746e-03   9.4974048e-01
   8.6273193e-03   9.4466800e-01
   8.6181641e-03   9.3936976e-01
   8.6090088e-03   9.3432103e-01
   8.5998535e-03   9.3052176e-01
   8.5906982e-03   9.2875638e-01
   8.5815430e-03   9.2901863e-01
   8.5723877e-03   9.3081633e-01
   8.5632324e-03   9.3339382e-01
   8.5540771e-03   9.3648217e-01
   8.5449219e-03   9.3982452e-01
   8.5357666e-03   9.4290432e-01
   8.5266113e-03   9.4552013e-01
   8.5174561e-03   9.4742428e-01
   8.5083008e-03   9.4859431e-01
   8.4991455e-03   9.4890318e-01
   8.4899902e-03   9.4800712e-01
   8.4808350e-03   9.4607015e-01
   8.4716797e-03   9.4331412e-01
   8.4625244e-03   9.3999536e-01
   8.4533691e-03   9.3665992e-01
   8.4442139e-03   9.3377566e-01
   8.4350586e-03   9.3187930e-01
   8.4259033e-03   9.3105858e-01
   8.4167480e-03   9.3132384e-01
   8.4075928e-03   9.3265840e-01
   8.3984375e-03   9.3494525e-01
   8.3892822e-03   9.3818330e-01
   8.3801270e-03   9.4236762e-01
   8.3709717e-03   9.4765514e-01
   8.3618164e-03   9.5404077e-01
   8.3526611e-03   9.6133836e-01
   8.3435059e-03   9.6939671e-01
   8.3343506e-03   9.7751832e-01
   8.3251953e-03   9.8483359e-01
   8.3160400e-03   9.9069734e-01
   8.3068848e-03   9.9515735e-01
   8.2977295e-03   9.9858800e-01
   8.2885742e-03   1.0010519e+00
   8.2794189e-03   1.0026117e+00
   8.2702637e-03   1.0030648e+00
   8.2611084e-03   1.0023551e+00
   8.2519531e-03   1.0004108e+00
   8.2427979e-03   9.9731025e-01
   8.2336426e-03   9.9343021e-01
   8.2244873e-03   9.8895934e-01
   8.2153320e-03   9.8433492e-01
   8.2061768e-03   9.8001656e-01
   8.1970215e-03   9.7641339e-01
   8.1878662e-03   9.7391482e-01
   8.1787109e-03   9.7267639e-01
   8.1695557e-03   9.7283048e-01
   8.1604004e-03   9.7406598e-01
   8.1512451e-03   9.7573995e-01
   8.1420898e-03   9.7735168e-01
   8.1329346e-03   9.7868748e-01
   8.1237793e-03   9.7998423e-01
   8.1146240e-03   9.8136020e-01
   8.1054688e-03   9.8257894e-01
   8.0963135e-03   9.8313370e-01
   8.0871582e-03   9.8269379e-01
   8.0780029e-03   9.8110035e-01
   8.0688477e-03   9.7850315e-01
   8.0596924e-03   9.7520016e-01
   8.0505371e-03   9.7176278e-01
   8.0413818e-03   9.6883385e-01
   8.0322266e-03   9.6640518e-01
   8.0230713e-03   9.6410381e-01
   8.0139160e-03   9.6178907e-01
   8.0047607e-03   9.5960146e-01
   7.9956055e-03   9.5784828e-01
   7.9864502e-03   9.5671119e-01
   7.9772949e-03   9.5621983e-01
   7.9681396e-03   9.5664269e-01
   7.9589844e-03   9.5794464e-01
   7.9498291e-03   9.6015122e-01
   7.9406738e-03   9.6337882e-01
   7.9315186e-03   9.6767556e-01
   7.9223633e-03   9.7315754e-01
   7.9132080e-03   9.7945272e-01
   7.9040527e-03   9.8590220e-01
   7.8948975e-03   9.9198790e-01
   7.8857422e-03   9.9734746e-01
   7.8765869e-03   1.0018003e+00
   7.8674316e-03   1.0052834e+00
   7.8582764e-03   1.0077863e+00
   7.8491211e-03   1.0092876e+00
   7.8399658e-03   1.0096601e+00
   7.8308105e-03   1.0088522e+00
   7.8216553e-03   1.0072497e+00
   7.8125000e-03   1.0055015e+00
   7.8033447e-03   1.0038226e+00
   7.7941895e-03   1.0024198e+00
   7.7850342e-03   1.0010596e+00
   7.7758789e-03   9.9944459e-01
   7.7667236e-03   9.9746609e-01
   7.7575684e-03   9.9530493e-01
   7.7484131e-03   9.9371669e-01
   7.7392578e-03   9.9295621e-01
   7.7301025e-03   9.9268461e-01
   7.7209473e-03   9.9255596e-01
   7.7117920e-03   9.9235621e-01
   7.7026367e-03   9.9212670e-01
   7.6934814e-03   9.9204371e-01
   7.6843262e-03   9.9234325e-01
   7.6751709e-03   9.9309609e-01
   7.6660156e-03   9.9404703e-01
   7.6568604e-03   9.9500113e-01
   7.6477051e-03   9.9568514e-01
   7.6385498e-03   9.9576632e-01
   7.6293945e-03   9.9487877e-01
   7.6202393e-03   9.9308710e-01
   7.6110840e-03   9.9063524e-01
   7.6019287e-03   9.8760612e-01
   7.5927734e-03   9.8423193e-01
   7.5836182e-03   9.8063252e-01
   7.5744629e-03   9.7704327e-01
   7.5653076e-03   9.7365819e-01
   7.5561523e-03   9.7073439e-01
   7.5469971e-03   9.6861068e-01
   7.5378418e-03   9.6733835e-01
   7.5286865e-03   9.6700218e-01
   7.5195313e-03   9.6772035e-01
   7.5103760e-03   9.6939119e-01
   7.5012207e-03   9.7191691e-01
   7.4920654e-03   9.7539706e-01
   7.4829102e-03   9.8010209e-01
   7.4737549e-03   9.8563290e-01
   7.4645996e-03   9.9114499e-01
   7.4554443e-03   9.9613687e-01
   7.4462891e-03   1.0004828e+00
   7.4371338e-03   1.0042058e+00
   7.4279785e-03   1.0071877e+00
   7.4188232e-03   1.0095333e+00
   7.4096680e-03   1.0114508e+00
   7.4005127e-03   1.0126776e+00
   7.3913574e-03   1.0129809e+00
   7.3822021e-03   1.0122986e+00
   7.3730469e-03   1.0107801e+00
   7.3638916e-03   1.0088037e+00
   7.3547363e-03   1.0066105e+00
   7.3455811e-03   1.0042451e+00
   7.3364258e-03   1.0014488e+00
   7.3272705e-03   9.9838475e-01
   7.3181152e-03   9.9559273e-01
   7.3089600e-03   9.9356007e-01
   7.2998047e-03   9.9241517e-01
   7.2906494e-03   9.9206482e-01
   7.2814941e-03   9.9256354e-01
   7.2723389e-03   9.9387354e-01
   7.2631836e-03   9.9574690e-01
   7.2540283e-03   9.9778123e-01
   7.2448730e-03   9.9946049e-01
   7.2357178e-03   1.0004314e+00
   7.2265625e-03   1.0007869e+00
   7.2174072e-03   1.0008477e+00
   7.2082520e-03   1.0006178e+00
   7.1990967e-03   9.9968572e-01
   7.1899414e-03   9.9794906e-01
   7.1807861e-03   9.9553737e-01
   7.1716309e-03   9.9274901e-01
   7.1624756e-03   9.8983781e-01
   7.1533203e-03   9.8697282e-01
   7.1441650e-03   9.8433384e-01
   7.1350098e-03   9.8177386e-01
   7.1258545e-03   9.7919377e-01
   7.1166992e-03   9.7692358e-01
   7.1075439e-03   9.7530756e-01
   7.0983887e-03   9.7450256e-01
   7.0892334e-03   9.7443083e-01
   7.0800781e-03   9.7479500e-01
   7.0709229e-03   9.7544087e-01
   7.0617676e-03   9.7647426e-01
   7.0526123e-03   9.7818741e-01
   7.0434570e-03   9.8074781e-01
   7.0343018e-03   9.8408880e-01
   7.0251465e-03   9.8774182e-01
   7.0159912e-03   9.9142894e-01
   7.0068359e-03   9.9474115e-01
   6.9976807e-03   9.9738683e-01
   6.9885254e-03   9.9935935e-01
   6.9793701e-03   1.0005682e+00
   6.9702148e-03   1.0010580e+00
   6.9610596e-03   1.0010809e+00
   6.9519043e-03   1.0008598e+00
   6.9427490e-03   1.0002528e+00
   6.9335938e-03   9.9892899e-01
   6.9244385e-03   9.9685626e-01
   6.9152832e-03   9.9463951e-01
   6.9061279e-03   9.9302097e-01
   6.8969727e-03   9.9233459e-01
   6.8878174e-03   9.9245218e-01
   6.8786621e-03   9.9302768e-01
   6.8695068e-03   9.9373730e-01
   6.8603516e-03   9.9459180e-01
   6.8511963e-03   9.9583425e-01
   6.8420410e-03   9.9766750e-01
   6.8328857e-03   9.9997846e-01
   6.8237305e-03   1.0023859e+00
   6.8145752e-03   1.0045452e+00
   6.8054199e-03   1.0064785e+00
   6.7962646e-03   1.0083598e+00
   6.7871094e-03   1.0102255e+00
   6.7779541e-03   1.0119054e+00
   6.7687988e-03   1.0132115e+00
   6.7596436e-03   1.0140935e+00
   6.7504883e-03   1.0145084e+00
   6.7413330e-03   1.0144640e+00
   6.7321777e-03   1.0139535e+00
   6.7230225e-03   1.0133025e+00
   6.7138672e-03   1.0128002e+00
   6.7047119e-03   1.0126413e+00
   6.6955566e-03   1.0129627e+00
   6.6864014e-03   1.0136231e+00
   6.6772461e-03   1.0143806e+00
   6.6680908e-03   1.0152278e+00
   6.6589355e-03   1.0164854e+00
   6.6497803e-03   1.0186071e+00
   6.6406250e-03   1.0217721e+00
   6.6314697e-03   1.0255543e+00
   6.6223145e-03   1.0293449e+00
   6.6131592e-03   1.0326401e+00
   6.6040039e-03   1.0352246e+00
   6.5948486e-03   1.0372608e+00
   6.5856934e-03   1.0388392e+00
   6.5765381e-03   1.0399926e+00
   6.5673828e-03   1.0407682e+00
   6.5582275e-03   1.0410765e+00
   6.5490723e-03   1.0409108e+00
   6.5399170e-03   1.0404869e+00
   6.5307617e-03   1.0400240e+00
   6.5216064e-03   1.0395328e+00
   6.5124512e-03   1.0389130e+00
   6.5032959e-03   1.0381288e+00
   6.4941406e-03   1.0374169e+00
   6.4849854e-03   1.0368130e+00
   6.4758301e-03   1.0361846e+00
   6.4666748e-03   1.0354959e+00
   6.4575195e-03   1.0348399e+00
   6.4483643e-03   1.0343168e+00
   6.4392090e-03   1.0339337e+00
   6.4300537e-03   1.0337153e+00
   6.4208984e-03   1.0336615e+00
   6.4117432e-03   1.0337400e+00
   6.4025879e-03   1.0338007e+00
   6.3934326e-03   1.0336759e+00
   6.3842773e-03   1.0331908e+00
   6.3751221e-03   1.0323637e+00
   6.3659668e-03   1.0311950e+00
   6.3568115e-03   1.0296420e+00
   6.3476563e-03   1.0279370e+00
   6.3385010e-03   1.0263828e+00
   6.3293457e-03   1.0252215e+00
   6.3201904e-03   1.0243139e+00
   6.3110352e-03   1.0234140e+00
   6.3018799e-03   1.0226928e+00
   6.2927246e-03   1.0225163e+00
   6.2835693e-03   1.0230263e+00
   6.2744141e-03   1.0240905e+00
   6.2652588e-03   1.0254882e+00
   6.2561035e-03   1.0270910e+00
   6.2469482e-03   1.0290693e+00
   6.2377930e-03   1.0313410e+00
   6.2286377e-03   1.0336362e+00
   6.2194824e-03   1.0357739e+00
   6.2103271e-03   1.0376089e+00
   6.2011719e-03   1.0394711e+00
   6.1920166e-03   1.0416264e+00
   6.1828613e-03   1.0441027e+00
   6.1737061e-03   1.0469495e+00
   6.1645508e-03   1.0502441e+00
   6.1553955e-03   1.0539578e+00
   6.1462402e-03   1.0577188e+00
   6.1370850e-03   1.0610954e+00
   6.1279297e-03   1.0639219e+00
   6.1187744e-03   1.0664886e+00
   6.1096191e-03   1.0690467e+00
   6.1004639e-03   1.0715184e+00
   6.0913086e-03   1.0735791e+00
   6.0821533e-03   1.0749501e+00
   6.0729980e-03   1.0755546e+00
   6.0638428e-03   1.0753403e+00
   6.0546875e-03   1.0742904e+00
   6.0455322e-03   1.0727619e+00
   6.0363770e-03   1.0712239e+00
   6.0272217e-03   1.0699512e+00
   6.0180664e-03   1.0688591e+00
   6.0089111e-03   1.0677255e+00
   5.9997559e-03   1.0666245e+00
   5.9906006e-03   1.0656686e+00
   5.9814453e-03   1.0648400e+00
   5.9722900e-03   1.0639136e+00
   5.9631348e-03   1.0627172e+00
   5.9539795e-03   1.0614584e+00
   5.9448242e-03   1.0604816e+00
   5.9356689e-03   1.0599761e+00
   5.9265137e-03   1.0597238e+00
   5.9173584e-03   1.0592823e+00
   5.9082031e-03   1.0582798e+00
   5.8990479e-03   1.0567870e+00
   5.8898926e-03   1.0549376e+00
   5.8807373e-03   1.0528232e+00
   5.8715820e-03   1.0506155e+00
   5.8624268e-03   1.0485040e+00
   5.8532715e-03   1.0464989e+00
   5.8441162e-03   1.0444883e+00
   5.8349609e-03   1.0423355e+00
   5.8258057e-03   1.0401598e+00
   5.8166504e-03   1.0382443e+00
   5.8074951e-03   1.0368371e+00
   5.7983398e-03   1.0361125e+00
   5.7891846e-03   1.0360872e+00
   5.7800293e-03   1.0366698e+00
   5.7708740e-03   1.0378284e+00
   5.7617188e-03   1.0395099e+00
   5.7525635e-03   1.0418116e+00
   5.7434082e-03   1.0447328e+00
   5.7342529e-03   1.0481406e+00
   5.7250977e-03   1.0517067e+00
   5.7159424e-03   1.0549291e+00
   5.7067871e-03   1.0574562e+00
   5.6976318e-03   1.0590833e+00
   5.6884766e-03   1.0599747e+00
   5.6793213e-03   1.0603261e+00
   5.6701660e-03   1.0601590e+00
   5.6610107e-03   1.0594424e+00
   5.6518555e-03   1.0581457e+00
   5.6427002e-03   1.0565787e+00
   5.6335449e-03   1.0550475e+00
   5.6243896e-03   1.0537398e+00
   5.6152344e-03   1.0524677e+00
   5.6060791e-03   1.0510299e+00
   5.5969238e-03   1.0493640e+00
   5.5877686e-03   1.0475084e+00
   5.5786133e-03   1.0456540e+00
   5.5694580e-03   1.0440021e+00
   5.5603027e-03   1.0428470e+00
   5.5511475e-03   1.0424067e+00
   5.5419922e-03   1.0426284e+00
   5.5328369e-03   1.0433558e+00
   5.5236816e-03   1.0443217e+00
   5.5145264e-03   1.0453874e+00
   5.5053711e-03   1.0466326e+00
   5.4962158e-03   1.0482022e+00
   5.4870605e-03   1.0501859e+00
   5.4779053e-03   1.0523206e+00
   5.4687500e-03   1.0540670e+00
   5.4595947e-03   1.0549487e+00
   5.4504395e-03   1.0548596e+00
   5.4412842e-03   1.0542354e+00
   5.4321289e-03   1.0534529e+00
   5.4229736e-03   1.0526262e+00
   5.4138184e-03   1.0517759e+00
   5.4046631e-03   1.0509332e+00
   5.3955078e-03   1.0502979e+00
   5.3863525e-03   1.0501180e+00
   5.3771973e-03   1.0504758e+00
   5.3680420e-03   1.0513466e+00
   5.3588867e-03   1.0527954e+00
   5.3497314e-03   1.0549181e+00
   5.3405762e-03   1.0576554e+00
   5.3314209e-03   1.0608178e+00
   5.3222656e-03   1.0641089e+00
   5.3131104e-03   1.0674944e+00
   5.3039551e-03   1.0710979e+00
   5.2947998e-03   1.0751321e+00
   5.2856445e-03   1.0797891e+00
   5.2764893e-03   1.0848725e+00
   5.2673340e-03   1.0900970e+00
   5.2581787e-03   1.0951297e+00
   5.2490234e-03   1.0996312e+00
   5.2398682e-03   1.1033722e+00
   5.2307129e-03   1.1060756e+00
   5.2215576e-03   1.1076465e+00
   5.2124023e-03   1.1082641e+00
   5.2032471e-03   1.1082512e+00
   5.1940918e-03   1.1079680e+00
   5.1849365e-03   1.1077398e+00
   5.1757813e-03   1.1077719e+00
   5.1666260e-03   1.1080914e+00
   5.1574707e-03   1.1084724e+00
   5.1483154e-03   1.1088431e+00
   5.1391602e-03   1.1095314e+00
   5.1300049e-03   1.1109575e+00
   5.1208496e-03   1.1133153e+00
   5.1116943e-03   1.1164641e+00
   5.1025391e-03   1.1200616e+00
   5.0933838e-03   1.1237867e+00
   5.0842285e-03   1.1274688e+00
   5.0750732e-03   1.1308554e+00
   5.0659180e-03   1.1337184e+00
   5.0567627e-03   1.1359492e+00
   5.0476074e-03   1.1375314e+00
   5.0384521e-03   1.1386460e+00
   5.0292969e-03   1.1393174e+00
   5.0201416e-03   1.1395493e+00
   5.0109863e-03   1.1391652e+00
   5.0018311e-03   1.1378764e+00
   4.9926758e-03   1.1354967e+00
   4.9835205e-03   1.1321528e+00
   4.9743652e-03   1.1283861e+00
   4.9652100e-03   1.1247441e+00
   4.9560547e-03   1.1216718e+00
   4.9468994e-03   1.1194131e+00
   4.9377441e-03   1.1180047e+00
   4.9285889e-03   1.1173541e+00
   4.9194336e-03   1.1173420e+00
   4.9102783e-03   1.1180084e+00
   4.9011230e-03   1.1194510e+00
   4.8919678e-03   1.1215947e+00
   4.8828125e-03   1.1243473e+00
   4.8736572e-03   1.1275658e+00
   4.8645020e-03   1.1310265e+00
   4.8553467e-03   1.1343294e+00
   4.8461914e-03   1.1372208e+00
   4.8370361e-03   1.1395760e+00
   4.8278809e-03   1.1412330e+00
   4.8187256e-03   1.1420774e+00
   4.8095703e-03   1.1420288e+00
   4.8004150e-03   1.1410981e+00
   4.7912598e-03   1.1393572e+00
   4.7821045e-03   1.1369620e+00
   4.7729492e-03   1.1341666e+00
   4.7637939e-03   1.1312445e+00
   4.7546387e-03   1.1284020e+00
   4.7454834e-03   1.1259324e+00
   4.7363281e-03   1.1239467e+00
   4.7271729e-03   1.1225018e+00
   4.7180176e-03   1.1217321e+00
   4.7088623e-03   1.1219268e+00
   4.6997070e-03   1.1230615e+00
   4.6905518e-03   1.1248288e+00
   4.6813965e-03   1.1269453e+00
   4.6722412e-03   1.1292290e+00
   4.6630859e-03   1.1317436e+00
   4.6539307e-03   1.1344789e+00
   4.6447754e-03   1.1373405e+00
   4.6356201e-03   1.1399753e+00
   4.6264648e-03   1.1418524e+00
   4.6173096e-03   1.1426566e+00
   4.6081543e-03   1.1425333e+00
   4.5989990e-03   1.1417285e+00
   4.5898438e-03   1.1403737e+00
   4.5806885e-03   1.1386002e+00
   4.5715332e-03   1.1365628e+00
   4.5623779e-03   1.1342584e+00
   4.5532227e-03   1.1317711e+00
   4.5440674e-03   1.1292886e+00
   4.5349121e-03   1.1271797e+00
   4.5257568e-03   1.1259130e+00
   4.5166016e-03   1.1257793e+00
   4.5074463e-03   1.1268178e+00
   4.4982910e-03   1.1287293e+00
   4.4891357e-03   1.1311787e+00
   4.4799805e-03   1.1340416e+00
   4.4708252e-03   1.1373879e+00
   4.4616699e-03   1.1410701e+00
   4.4525146e-03   1.1448605e+00
   4.4433594e-03   1.1484316e+00
   4.4342041e-03   1.1514429e+00
   4.4250488e-03   1.1536811e+00
   4.4158936e-03   1.1550902e+00
   4.4067383e-03   1.1557108e+00
   4.3975830e-03   1.1556271e+00
   4.3884277e-03   1.1549097e+00
   4.3792725e-03   1.1536293e+00
   4.3701172e-03   1.1518330e+00
   4.3609619e-03   1.1496346e+00
   4.3518066e-03   1.1472876e+00
   4.3426514e-03   1.1450920e+00
   4.3334961e-03   1.1432773e+00
   4.3243408e-03   1.1418800e+00
   4.3151855e-03   1.1408563e+00
   4.3060303e-03   1.1401427e+00
   4.2968750e-03   1.1397589e+00
   4.2877197e-03   1.1399109e+00
   4.2785645e-03   1.1409438e+00
   4.2694092e-03   1.1429266e+00
   4.2602539e-03   1.1456328e+00
   4.2510986e-03   1.1485800e+00
   4.2419434e-03   1.1512334e+00
   4.2327881e-03   1.1532878e+00
   4.2236328e-03   1.1547605e+00
   4.2144775e-03   1.1559570e+00
   4.2053223e-03   1.1570071e+00
   4.1961670e-03   1.1577217e+00
   4.1870117e-03   1.1577797e+00
   4.1778564e-03   1.1569829e+00
   4.1687012e-03   1.1552391e+00
   4.1595459e-03   1.1526253e+00
   4.1503906e-03   1.1493873e+00
   4.1412354e-03   1.1458005e+00
   4.1320801e-03   1.1422521e+00
   4.1229248e-03   1.1391095e+00
   4.1137695e-03   1.1367262e+00
   4.1046143e-03   1.1352668e+00
   4.0954590e-03   1.1346280e+00
   4.0863037e-03   1.1346077e+00
   4.0771484e-03   1.1350037e+00
   4.0679932e-03   1.1356870e+00
   4.0588379e-03   1.1365977e+00
   4.0496826e-03   1.1376071e+00
   4.0405273e-03   1.1386194e+00
   4.0313721e-03   1.1395487e+00
   4.0222168e-03   1.1404347e+00
   4.0130615e-03   1.1412214e+00
   4.0039063e-03   1.1416287e+00
   3.9947510e-03   1.1413275e+00
   3.9855957e-03   1.1401074e+00
   3.9764404e-03   1.1379923e+00
   3.9672852e-03   1.1351871e+00
   3.9581299e-03   1.1320215e+00
   3.9489746e-03   1.1287098e+00
   3.9398193e-03   1.1253737e+00
   3.9306641e-03   1.1220889e+00
   3.9215088e-03   1.1191677e+00
   3.9123535e-03   1.1170074e+00
   3.9031982e-03   1.1157982e+00
   3.8940430e-03   1.1156804e+00
   3.8848877e-03   1.1167450e+00
   3.8757324e-03   1.1189287e+00
   3.8665771e-03   1.1220205e+00
   3.8574219e-03   1.1257768e+00
   3.8482666e-03   1.1299345e+00
   3.8391113e-03   1.1341820e+00
   3.8299561e-03   1.1381419e+00
   3.8208008e-03   1.1414769e+00
   3.8116455e-03   1.1439058e+00
   3.8024902e-03   1.1453016e+00
   3.7933350e-03   1.1456159e+00
   3.7841797e-03   1.1448432e+00
   3.7750244e-03   1.1430530e+00
   3.7658691e-03   1.1404885e+00
   3.7567139e-03   1.1374936e+00
   3.7475586e-03   1.1343370e+00
   3.7384033e-03   1.1311560e+00
   3.7292480e-03   1.1281306e+00
   3.7200928e-03   1.1254500e+00
   3.7109375e-03   1.1232872e+00
   3.7017822e-03   1.1218181e+00
   3.6926270e-03   1.1211922e+00
   3.6834717e-03   1.1214025e+00
   3.6743164e-03   1.1222034e+00
   3.6651611e-03   1.1233856e+00
   3.6560059e-03   1.1247695e+00
   3.6468506e-03   1.1262114e+00
   3.6376953e-03   1.1274767e+00
   3.6285400e-03   1.1283828e+00
   3.6193848e-03   1.1289107e+00
   3.6102295e-03   1.1290085e+00
   3.6010742e-03   1.1287058e+00
   3.5919189e-03   1.1281006e+00
   3.5827637e-03   1.1272909e+00
   3.5736084e-03   1.1262865e+00
   3.5644531e-03   1.1249835e+00
   3.5552979e-03   1.1232977e+00
   3.5461426e-03   1.1211317e+00
   3.5369873e-03   1.1185901e+00
   3.5278320e-03   1.1160629e+00
   3.5186768e-03   1.1140310e+00
   3.5095215e-03   1.1126984e+00
   3.5003662e-03   1.1120905e+00
   3.4912109e-03   1.1122198e+00
   3.4820557e-03   1.1131279e+00
   3.4729004e-03   1.1148237e+00
   3.4637451e-03   1.1171252e+00
   3.4545898e-03   1.1196460e+00
   3.4454346e-03   1.1220261e+00
   3.4362793e-03   1.1240195e+00
   3.4271240e-03   1.1254061e+00
   3.4179688e-03   1.1259404e+00
   3.4088135e-03   1.1254709e+00
   3.3996582e-03   1.1241213e+00
   3.3905029e-03   1.1221611e+00
   3.3813477e-03   1.1197943e+00
   3.3721924e-03   1.1170765e+00
   3.3630371e-03   1.1139690e+00
   3.3538818e-03   1.1104754e+00
   3.3447266e-03   1.1068125e+00
   3.3355713e-03   1.1032939e+00
   3.3264160e-03   1.1002132e+00
   3.3172607e-03   1.0977833e+00
   3.3081055e-03   1.0961070e+00
   3.2989502e-03   1.0951512e+00
   3.2897949e-03   1.0948639e+00
   3.2806396e-03   1.0952478e+00
   3.2714844e-03   1.0963054e+00
   3.2623291e-03   1.0980331e+00
   3.2531738e-03   1.1002918e+00
   3.2440186e-03   1.1029295e+00
   3.2348633e-03   1.1056980e+00
   3.2257080e-03   1.1084587e+00
   3.2165527e-03   1.1110795e+00
   3.2073975e-03   1.1132227e+00
   3.1982422e-03   1.1143900e+00
   3.1890869e-03   1.1142379e+00
   3.1799316e-03   1.1128703e+00
   3.1707764e-03   1.1106966e+00
   3.1616211e-03   1.1080227e+00
   3.1524658e-03   1.1050772e+00
   3.1433105e-03   1.1021655e+00
   3.1341553e-03   1.0996505e+00
   3.1250000e-03   1.0976699e+00
   3.1158447e-03   1.0960981e+00
   3.1066895e-03   1.0948899e+00
   3.0975342e-03   1.0942728e+00
   3.0883789e-03   1.0946760e+00
   3.0792236e-03   1.0964098e+00
   3.0700684e-03   1.0995757e+00
   3.0609131e-03   1.1039002e+00
   3.0517578e-03   1.1088762e+00
   3.0426025e-03   1.1138720e+00
   3.0334473e-03   1.1181896e+00
   3.0242920e-03   1.1214646e+00
   3.0151367e-03   1.1237586e+00
   3.0059814e-03   1.1251747e+00
   2.9968262e-03   1.1257105e+00
   2.9876709e-03   1.1253122e+00
   2.9785156e-03   1.1240415e+00
   2.9693604e-03   1.1220203e+00
   2.9602051e-03   1.1193228e+00
   2.9510498e-03   1.1160806e+00
   2.9418945e-03   1.1124888e+00
   2.9327393e-03   1.1088990e+00
   2.9235840e-03   1.1058283e+00
   2.9144287e-03   1.1037264e+00
   2.9052734e-03   1.1027359e+00
   2.8961182e-03   1.1026806e+00
   2.8869629e-03   1.1033430e+00
   2.8778076e-03   1.1046172e+00
   2.8686523e-03   1.1065347e+00
   2.8594971e-03   1.1091810e+00
   2.8503418e-03   1.1125683e+00
   2.8411865e-03   1.1166513e+00
   2.8320313e-03   1.1212576e+00
   2.8228760e-03   1.1260495e+00
   2.8137207e-03   1.1304667e+00
   2.8045654e-03   1.1338508e+00
   2.7954102e-03   1.1357703e+00
   2.7862549e-03   1.1360990e+00
   2.7770996e-03   1.1351051e+00
   2.7679443e-03   1.1331998e+00
   2.7587891e-03   1.1307998e+00
   2.7496338e-03   1.1282011e+00
   2.7404785e-03   1.1254737e+00
   2.7313232e-03   1.1226652e+00
   2.7221680e-03   1.1199472e+00
   2.7130127e-03   1.1175606e+00
   2.7038574e-03   1.1157369e+00
   2.6947021e-03   1.1146532e+00
   2.6855469e-03   1.1145563e+00
   2.6763916e-03   1.1155532e+00
   2.6672363e-03   1.1175796e+00
   2.6580811e-03   1.1204320e+00
   2.6489258e-03   1.1238183e+00
   2.6397705e-03   1.1274849e+00
   2.6306152e-03   1.1312446e+00
   2.6214600e-03   1.1349614e+00
   2.6123047e-03   1.1385434e+00
   2.6031494e-03   1.1419814e+00
   2.5939941e-03   1.1453228e+00
   2.5848389e-03   1.1483844e+00
   2.5756836e-03   1.1508376e+00
   2.5665283e-03   1.1523922e+00
   2.5573730e-03   1.1529762e+00
   2.5482178e-03   1.1527892e+00
   2.5390625e-03   1.1521225e+00
   2.5299072e-03   1.1513584e+00
   2.5207520e-03   1.1508535e+00
   2.5115967e-03   1.1508223e+00
   2.5024414e-03   1.1513559e+00
   2.4932861e-03   1.1523025e+00
   2.4841309e-03   1.1535010e+00
   2.4749756e-03   1.1549006e+00
   2.4658203e-03   1.1566463e+00
   2.4566650e-03   1.1589237e+00
   2.4475098e-03   1.1617702e+00
   2.4383545e-03   1.1651569e+00
   2.4291992e-03   1.1689764e+00
   2.4200439e-03   1.1731089e+00
   2.4108887e-03   1.1773778e+00
   2.4017334e-03   1.1815691e+00
   2.3925781e-03   1.1855289e+00
   2.3834229e-03   1.1891535e+00
   2.3742676e-03   1.1924495e+00
   2.3651123e-03   1.1954233e+00
   2.3559570e-03   1.1979999e+00
   2.3468018e-03   1.2001293e+00
   2.3376465e-03   1.2018715e+00
   2.3284912e-03   1.2034622e+00
   2.3193359e-03   1.2050710e+00
   2.3101807e-03   1.2068204e+00
   2.3010254e-03   1.2088984e+00
   2.2918701e-03   1.2114678e+00
   2.2827148e-03   1.2146757e+00
   2.2735596e-03   1.2184934e+00
   2.2644043e-03   1.2227981e+00
   2.2552490e-03   1.2274893e+00
   2.2460938e-03   1.2324101e+00
   2.2369385e-03   1.2374851e+00
   2.2277832e-03   1.2427017e+00
   2.2186279e-03   1.2480347e+00
   2.2094727e-03   1.2535373e+00
   2.2003174e-03   1.2592531e+00
   2.1911621e-03   1.2651820e+00
   2.1820068e-03   1.2711581e+00
   2.1728516e-03   1.2769875e+00
   2.1636963e-03   1.2824703e+00
   2.1545410e-03   1.2874881e+00
   2.1453857e-03   1.2920537e+00
   2.1362305e-03   1.2962799e+00
   2.1270752e-03   1.3003979e+00
   2.1179199e-03   1.3045514e+00
   2.1087646e-03   1.3087904e+00
   2.0996094e-03   1.3131491e+00
   2.0904541e-03   1.3176336e+00
   2.0812988e-03   1.3223530e+00
   2.0721436e-03   1.3274692e+00
   2.0629883e-03   1.3331285e+00
   2.0538330e-03   1.3394426e+00
   2.0446777e-03   1.3463954e+00
   2.0355225e-03   1.3539554e+00
   2.0263672e-03   1.3620629e+00
   2.0172119e-03   1.3706085e+00
   2.0080566e-03   1.3793897e+00
   1.9989014e-03   1.3881605e+00
   1.9897461e-03   1.3968213e+00
   1.9805908e-03   1.4053287e+00
   1.9714355e-03   1.4136020e+00
   1.9622803e-03   1.4214983e+00
   1.9531250e-03   1.4288035e+00
   1.9439697e-03   1.4354311e+00
   1.9348145e-03   1.4414903e+00
   1.9256592e-03   1.4471957e+00
   1.9165039e-03   1.4527122e+00
   1.9073486e-03   1.4581206e+00
   1.8981934e-03   1.4635637e+00
   1.8890381e-03   1.4692091e+00
   1.8798828e-03   1.4752891e+00
   1.8707275e-03   1.4818965e+00
   1.8615723e-03   1.4890247e+00
   1.8524170e-03   1.4966114e+00
   1.8432617e-03   1.5045105e+00
   1.8341064e-03   1.5126631e+00
   1.8249512e-03   1.5211587e+00
   1.8157959e-03   1.5300961e+00
   1.8066406e-03   1.5393977e+00
   1.7974854e-03   1.5487352e+00
   1.7883301e-03   1.5577619e+00
   1.7791748e-03   1.5662338e+00
   1.7700195e-03   1.5739874e+00
   1.7608643e-03   1.5808964e+00
   1.7517090e-03   1.5867791e+00
   1.7425537e-03   1.5913859e+00
   1.7333984e-03   1.5946096e+00
   1.7242432e-03   1.5966303e+00
   1.7150879e-03   1.5978041e+00
   1.7059326e-03   1.5985113e+00
   1.6967773e-03   1.5990609e+00
   1.6876221e-03   1.5997029e+00
   1.6784668e-03   1.6006286e+00
   1.6693115e-03   1.6019056e+00
   1.6601563e-03   1.6034905e+00
   1.6510010e-03   1.6053121e+00
   1.6418457e-03   1.6072963e+00
   1.6326904e-03   1.6094492e+00
   1.6235352e-03   1.6118200e+00
   1.6143799e-03   1.6144022e+00
   1.6052246e-03   1.6170049e+00
   1.5960693e-03   1.6192371e+00
   1.5869141e-03   1.6207390e+00
   1.5777588e-03   1.6212157e+00
   1.5686035e-03   1.6205018e+00
   1.5594482e-03   1.6186382e+00
   1.5502930e-03   1.6157763e+00
   1.5411377e-03   1.6118924e+00
   1.5319824e-03   1.6067811e+00
   1.5228271e-03   1.6003666e+00
   1.5136719e-03   1.5927820e+00
   1.5045166e-03   1.5842398e+00
   1.4953613e-03   1.5749435e+00
   1.4862061e-03   1.5649887e+00
   1.4770508e-03   1.5545416e+00
   1.4678955e-03   1.5439064e+00
   1.4587402e-03   1.5334573e+00
   1.4495850e-03   1.5234457e+00
   1.4404297e-03   1.5138651e+00
   1.4312744e-03   1.5045437e+00
   1.4221191e-03   1.4952298e+00
   1.4129639e-03   1.4857214e+00
   1.4038086e-03   1.4759204e+00
   1.3946533e-03   1.4657782e+00
   1.3854980e-03   1.4553195e+00
   1.3763428e-03   1.4445413e+00
   1.3671875e-03   1.4333247e+00
   1.3580322e-03   1.4214190e+00
   1.3488770e-03   1.4084913e+00
   1.3397217e-03   1.3942397e+00
   1.3305664e-03   1.3784815e+00
   1.3214111e-03   1.3613065e+00
   1.3122559e-03   1.3429999e+00
   1.3031006e-03   1.3239077e+00
   1.2939453e-03   1.3043451e+00
   1.2847900e-03   1.2844834e+00
   1.2756348e-03   1.2643471e+00
   1.2664795e-03   1.2438297e+00
   1.2573242e-03   1.2229773e+00
   1.2481689e-03   1.2020706e+00
   1.2390137e-03   1.1814514e+00
   1.2298584e-03   1.1613786e+00
   1.2207031e-03   1.1419495e+00
   1.2115479e-03   1.1231452e+00
   1.2023926e-03   1.1048861e+00
   1.1932373e-03   1.0869859e+00
   1.1840820e-03   1.0691947e+00
   1.1749268e-03   1.0512962e+00
   1.1657715e-03   1.0331717e+00
   1.1566162e-03   1.0147696e+00
   1.1474609e-03   9.9606584e-01
   1.1383057e-03   9.7703921e-01
   1.1291504e-03   9.5759264e-01
   1.1199951e-03   9.3760177e-01
   1.1108398e-03   9.1702742e-01
   1.1016846e-03   8.9590953e-01
   1.0925293e-03   8.7435480e-01
   1.0833740e-03   8.5251546e-01
   1.0742188e-03   8.3059822e-01
   1.0650635e-03   8.0883695e-01
   1.0559082e-03   7.8745012e-01
   1.0467529e-03   7.6665298e-01
   1.0375977e-03   7.4658772e-01
   1.0284424e-03   7.2729935e-01
   1.0192871e-03   7.0874486e-01
   1.0101318e-03   6.9085398e-01
   1.0009766e-03   6.7357169e-01
   9.9182129e-04   6.5683694e-01
   9.8266602e-04   6.4062207e-01
   9.7351074e-04   6.2482371e-01
   9.6435547e-04   6.0926288e-01
   9.5520020e-04   5.9373346e-01
   9.4604492e-04   5.7806591e-01
   9.3688965e-04   5.6221491e-01
   9.2773438e-04   5.4615032e-01
   9.1857910e-04   5.2988438e-01
   9.0942383e-04   5.1346865e-01
   9.0026855e-04   4.9700604e-01
   8.9111328e-04   4.8056008e-01
   8.8195801e-04   4.6420934e-01
   8.7280273e-04   4.4805649e-01
   8.6364746e-04   4.3221924e-01
   8.5449219e-04   4.1679703e-01
   8.4533691e-04   4.0189226e-01
   8.3618164e-04   3.8758307e-01
   8.2702637e-04   3.7395659e-01
   8.1787109e-04   3.6107874e-01
   8.0871582e-04   3.4897918e-01
   7.9956055e-04   3.3761514e-01
   7.9040527e-04   3.2687454e-01
   7.8125000e-04   3.1665443e-01
   7.7209473e-04   3.0690321e-01
   7.6293945e-04   2.9753618e-01
   7.5378418e-04   2.8844158e-01
   7.4462891e-04   2.7952885e-01
   7.3547363e-04   2.7071054e-01
   7.2631836e-04   2.6189925e-01
   7.1716309e-04   2.5306488e-01
   7.0800781e-04   2.4423452e-01
   6.9885254e-04   2.3543826e-01
   6.8969727e-04   2.2674526e-01
   6.8054199e-04   2.1823065e-01
   6.7138672e-04   2.0996948e-01
   6.6223145e-04   2.0204273e-01
   6.5307617e-04   1.9450730e-01
   6.4392090e-04   1.8738093e-01
   6.3476563e-04   1.8066637e-01
   6.2561035e-04   1.7435732e-01
   6.1645508e-04   1.6840246e-01
   6.0729980e-04   1.6276551e-01
   5.9814453e-04   1.5736824e-01
   5.8898926e-04   1.5219246e-01
   5.7983398e-04   1.4724103e-01
   5.7067871e-04   1.4253479e-01
   5.6152344e-04   1.3810057e-01
   5.5236816e-04   1.3395017e-01
   5.4321289e-04   1.2998449e-01
   5.3405762e-04   1.2608053e-01
   5.2490234e-04   1.2213338e-01
   5.1574707e-04   1.1810712e-01
   5.0659180e-04   1.1403775e-01
   4.9743652e-04   1.0995822e-01
   4.8828125e-04   1.0588351e-01
   4.7912598e-04   1.0184954e-01
   4.6997070e-04   9.7895160e-02
   4.6081543e-04   9.4068194e-02
   4.5166016e-04   9.0431360e-02
   4.4250488e-04   8.7059285e-02
   4.3334961e-04   8.3996635e-02
   4.2419434e-04   8.1228258e-02
   4.1503906e-04   7.8685231e-02
   4.0588379e-04   7.6247901e-02
   3.9672852e-04   7.3817630e-02
   3.8757324e-04   7.1334689e-02
   3.7841797e-04   6.8790155e-02
   3.6926270e-04   6.6228843e-02
   3.6010742e-04   6.3698509e-02
   3.5095215e-04   6.1243888e-02
   3.4179688e-04   5.8897739e-02
   3.3264160e-04   5.6665956e-02
   3.2348633e-04   5.4563370e-02
   3.1433105e-04   5.2610762e-02
   3.0517578e-04   5.0769288e-02
   2.9602051e-04   4.8967364e-02
   2.8686523e-04   4.7154320e-02
   2.7770996e-04   4.5339099e-02
   2.6855469e-04   4.3545521e-02
   2.5939941e-04   4.1839069e-02
   2.5024414e-04   4.0276233e-02
   2.4108887e-04   3.8913459e-02
   2.3193359e-04   3.7741689e-02
   2.2277832e-04   3.6686437e-02
   2.1362305e-04   3.5694099e-02
   2.0446777e-04   3.4752741e-02
   1.9531250e-04   3.3865302e-02
   1.8615723e-04   3.3058492e-02
   1.7700195e-04   3.2332258e-02
   1.6784668e-04   3.1671695e-02
   1.5869141e-04   3.1055971e-02
   1.4953613e-04   3.0449425e-02
   1.4038086e-04   2.9828303e-02
   1.3122559e-04   2.9204486e-02
   1.2207031e-04   2.8634354e-02
   1.1291504e-04   2.8224671e-02
   1.0375977e-04   2.8046516e-02
   9.4604492e-05   2.8102704e-02
   8.5449219e-05   2.8316000e-02
   7.6293945e-05   2.8647770e-02
   6.7138672e-05   2.9065337e-02
   5.7983398e-05   2.9518279e-02
   4.8828125e-05   2.9985839e-02
   3.9672852e-05   3.0420623e-02
   3.0517578e-05   3.0810808e-02
   2.1362305e-05   3.1144583e-02
   1.2207031e-05   3.1419025e-02
   3.0517578e-06   3.1628254e-02
  -6.1035156e-06   3.1772312e-02
  -1.5258789e-05   3.1868988e-02
  -2.4414063e-05   3.1956755e-02
  -3.3569336e-05   3.2085876e-02
  -4.2724609e-05   3.2253369e-02
  -5.1879883e-05   3.2468075e-02
  -6.1035156e-05   3.2768372e-02
  -7.0190430e-05   3.3160113e-02
  -7.9345703e-05   3.3590080e-02
  -8.8500977e-05   3.4005103e-02
  -9.7656250e-05   3.4352056e-02
  -1.0681152e-04   3.4622129e-02
  -1.1596680e-04   3.4868483e-02
  -1.2512207e-04   3.5150136e-02
  -1.3427734e-04   3.5499508e-02
  -1.4343262e-04   3.5937199e-02
  -1.5258789e-04   3.6483788e-02
  -1.6174316e-04   3.7145103e-02
  -1.7089844e-04   3.7853289e-02
  -1.8005371e-04   3.8525821e-02
  -1.8920898e-04   3.9118537e-02
  -1.9836426e-04   3.9622652e-02
  -2.0751953e-04   3.9982280e-02
  -2.1667480e-04   4.0179849e-02
  -2.2583008e-04   4.0289043e-02
  -2.3498535e-04   4.0424677e-02
  -2.4414063e-04   4.0719121e-02
  -2.5329590e-04   4.1263453e-02
  -2.6245117e-04   4.2104566e-02
  -2.7160645e-04   4.3224631e-02
  -2.8076172e-04   4.4588198e-02
  -2.8991699e-04   4.6145154e-02
  -2.9907227e-04   4.7836612e-02
  -3.0822754e-04   4.9612549e-02
  -3.1738281e-04   5.1440605e-02
  -3.2653809e-04   5.3303129e-02
  -3.3569336e-04   5.5211845e-02
  -3.4484863e-04   5.7175527e-02
  -3.5400391e-04   5.9223486e-02
  -3.6315918e-04   6.1382074e-02
  -3.7231445e-04   6.3651223e-02
  -3.8146973e-04   6.6001536e-02
  -3.9062500e-04   6.8391915e-02
  -3.9978027e-04   7.0784228e-02
  -4.0893555e-04   7.3163819e-02
  -4.1809082e-04   7.5545349e-02
  -4.2724609e-04   7.7934675e-02
  -4.3640137e-04   8.0355226e-02
  -4.4555664e-04   8.2847977e-02
  -4.5471191e-04   8.5468512e-02
  -4.6386719e-04   8.8263583e-02
  -4.7302246e-04   9.1268201e-02
  -4.8217773e-04   9.4570010e-02
  -4.9133301e-04   9.8303388e-02
  -5.0048828e-04   1.0251486e-01
  -5.0964355e-04   1.0714857e-01
  -5.1879883e-04   1.1208440e-01
  -5.2795410e-04   1.1719354e-01
  -5.3710938e-04   1.2236194e-01
  -5.4626465e-04   1.2752236e-01
  -5.5541992e-04   1.3266312e-01
  -5.6457520e-04   1.3780175e-01
  -5.7373047e-04   1.4297038e-01
  -5.8288574e-04   1.4817483e-01
  -5.9204102e-04   1.5340923e-01
  -6.0119629e-04   1.5868234e-01
  -6.1035156e-04   1.6404079e-01
  -6.1950684e-04   1.6952246e-01
  -6.2866211e-04   1.7517684e-01
  -6.3781738e-04   1.8109131e-01
  -6.4697266e-04   1.8736480e-01
  -6.5612793e-04   1.9406995e-01
  -6.6528320e-04   2.0126478e-01
  -6.7443848e-04   2.0896355e-01
  -6.8359375e-04   2.1713683e-01
  -6.9274902e-04   2.2575811e-01
  -7.0190430e-04   2.3483294e-01
  -7.1105957e-04   2.4441635e-01
  -7.2021484e-04   2.5455460e-01
  -7.2937012e-04   2.6519496e-01
  -7.3852539e-04   2.7621787e-01
  -7.4768066e-04   2.8749222e-01
  -7.5683594e-04   2.9887828e-01
  -7.6599121e-04   3.1022190e-01
  -7.7514648e-04   3.2142430e-01
  -7.8430176e-04   3.3250008e-01
  -7.9345703e-04   3.4352197e-01
  -8.0261230e-04   3.5459167e-01
  -8.1176758e-04   3.6578757e-01
  -8.2092285e-04   3.7715314e-01
  -8.3007813e-04   3.8871151e-01
  -8.3923340e-04   4.0053222e-01
  -8.4838867e-04   4.1271088e-01
  -8.5754395e-04   4.2533430e-01
  -8.6669922e-04   4.3851245e-01
  -8.7585449e-04   4.5234649e-01
  -8.8500977e-04   4.6687661e-01
  -8.9416504e-04   4.8210530e-01
  -9.0332031e-04   4.9802344e-01
  -9.1247559e-04   5.1458714e-01
  -9.2163086e-04   5.3167434e-01
  -9.3078613e-04   5.4913990e-01
  -9.3994141e-04   5.6689671e-01
  -9.4909668e-04   5.8491565e-01
  -9.5825195e-04   6.0317340e-01
  -9.6740723e-04   6.2160037e-01
  -9.7656250e-04   6.4010675e-01
  -9.8571777e-04   6.5859703e-01
  -9.9487305e-04   6.7696420e-01
  -1.0040283e-03   6.9509267e-01
  -1.0131836e-03   7.1297681e-01
  -1.0223389e-03   7.3070638e-01
  -1.0314941e-03   7.4842887e-01
  -1.0406494e-03   7.6630321e-01
  -1.0498047e-03   7.8448244e-01
  -1.0589600e-03   8.0304725e-01
  -1.0681152e-03   8.2200029e-01
  -1.0772705e-03   8.4131246e-01
  -1.0864258e-03   8.6101532e-01
  -1.0955811e-03   8.8122695e-01
  -1.1047363e-03   9.0209422e-01
  -1.1138916e-03   9.2373212e-01
  -1.1230469e-03   9.4612579e-01
  -1.1322021e-03   9.6912193e-01
  -1.1413574e-03   9.9254432e-01
  -1.1505127e-03   1.0162342e+00
  -1.1596680e-03   1.0400443e+00
  -1.1688232e-03   1.0637788e+00
  -1.1779785e-03   1.0872418e+00
  -1.1871338e-03   1.1102548e+00
  -1.1962891e-03   1.1327029e+00
  -1.2054443e-03   1.1545289e+00
  -1.2145996e-03   1.1757304e+00
  -1.2237549e-03   1.1963249e+00
  -1.2329102e-03   1.2163243e+00
  -1.2420654e-03   1.2357376e+00
  -1.2512207e-03   1.2545681e+00
  -1.2603760e-03   1.2729023e+00
  -1.2695313e-03   1.2908872e+00
  -1.2786865e-03   1.3087128e+00
  -1.2878418e-03   1.3266061e+00
  -1.2969971e-03   1.3447569e+00
  -1.3061523e-03   1.3632826e+00
  -1.3153076e-03   1.3821889e+00
  -1.3244629e-03   1.4014153e+00
  -1.3336182e-03   1.4208609e+00
  -1.3427734e-03   1.4404397e+00
  -1.3519287e-03   1.4600683e+00
  -1.3610840e-03   1.4796664e+00
  -1.3702393e-03   1.4990617e+00
  -1.3793945e-03   1.5179648e+00
  -1.3885498e-03   1.5360806e+00
  -1.3977051e-03   1.5531256e+00
  -1.4068604e-03   1.5689257e+00
  -1.4160156e-03   1.5834270e+00
  -1.4251709e-03   1.5966792e+00
  -1.4343262e-03   1.6087689e+00
  -1.4434814e-03   1.6197483e+00
  -1.4526367e-03   1.6297155e+00
  -1.4617920e-03   1.6387941e+00
  -1.4709473e-03   1.6470907e+00
  -1.4801025e-03   1.6547144e+00
  -1.4892578e-03   1.6618115e+00
  -1.4984131e-03   1.6685685e+00
  -1.5075684e-03   1.6751713e+00
  -1.5167236e-03   1.6817832e+00
  -1.5258789e-03   1.6885356e+00
  -1.5350342e-03   1.6955399e+00
  -1.5441895e-03   1.7027732e+00
  -1.5533447e-03   1.7100523e+00
  -1.5625000e-03   1.7170974e+00
  -1.5716553e-03   1.7236599e+00
  -1.5808105e-03   1.7296374e+00
  -1.5899658e-03   1.7350017e+00
  -1.5991211e-03   1.7397188e+00
  -1.6082764e-03   1.7437120e+00
  -1.6174316e-03   1.7468363e+00
  -1.6265869e-03   1.7489380e+00
  -1.6357422e-03   1.7499636e+00
  -1.6448975e-03   1.7499792e+00
  -1.6540527e-03   1.7491481e+00
  -1.6632080e-03   1.7476502e+00
  -1.6723633e-03   1.7456058e+00
  -1.6815186e-03   1.7430864e+00
  -1.6906738e-03   1.7401235e+00
  -1.6998291e-03   1.7368087e+00
  -1.7089844e-03   1.7332390e+00
  -1.7181396e-03   1.7295084e+00
  -1.7272949e-03   1.7256997e+00
  -1.7364502e-03   1.7218926e+00
  -1.7456055e-03   1.7181383e+00
  -1.7547607e-03   1.7144937e+00
  -1.7639160e-03   1.7109759e+00
  -1.7730713e-03   1.7075819e+00
  -1.7822266e-03   1.7042632e+00
  -1.7913818e-03   1.7009573e+00
  -1.8005371e-03   1.6976159e+00
  -1.8096924e-03   1.6941451e+00
  -1.8188477e-03   1.6904740e+00
  -1.8280029e-03   1.6865630e+00
  -1.8371582e-03   1.6824604e+00
  -1.8463135e-03   1.6782545e+00
  -1.8554688e-03   1.6739622e+00
  -1.8646240e-03   1.6695184e+00
  -1.8737793e-03   1.6648522e+00
  -1.8829346e-03   1.6599324e+00
  -1.8920898e-03   1.6547452e+00
  -1.9012451e-03   1.6492649e+00
  -1.9104004e-03   1.6434834e+00
  -1.9195557e-03   1.6374037e+00
  -1.9287109e-03   1.6309832e+00
  -1.9378662e-03   1.6241629e+00
  -1.9470215e-03   1.6170164e+00
  -1.9561768e-03   1.6096971e+00
  -1.9653320e-03   1.6023467e+00
  -1.9744873e-03   1.5950530e+00
  -1.9836426e-03   1.5878500e+00
  -1.9927979e-03   1.5808113e+00
  -2.0019531e-03   1.5740103e+00
  -2.0111084e-03   1.5675601e+00
  -2.0202637e-03   1.5615908e+00
  -2.0294189e-03   1.5561360e+00
  -2.0385742e-03   1.5511388e+00
  -2.0477295e-03   1.5465396e+00
  -2.0568848e-03   1.5423070e+00
  -2.0660400e-03   1.5384154e+00
  -2.0751953e-03   1.5348194e+00
  -2.0843506e-03   1.5313803e+00
  -2.0935059e-03   1.5279229e+00
  -2.1026611e-03   1.5241843e+00
  -2.1118164e-03   1.5199050e+00
  -2.1209717e-03   1.5149326e+00
  -2.1301270e-03   1.5092337e+00
  -2.1392822e-03   1.5028511e+00
  -2.1484375e-03   1.4957991e+00
  -2.1575928e-03   1.4881489e+00
  -2.1667480e-03   1.4801038e+00
  -2.1759033e-03   1.4718333e+00
  -2.1850586e-03   1.4635406e+00
  -2.1942139e-03   1.4554627e+00
  -2.2033691e-03   1.4477515e+00
  -2.2125244e-03   1.4405367e+00
  -2.2216797e-03   1.4339136e+00
  -2.2308350e-03   1.4279159e+00
  -2.2399902e-03   1.4225544e+00
  -2.2491455e-03   1.4178880e+00
  -2.2583008e-03   1.4140232e+00
  -2.2674561e-03   1.4109456e+00
  -2.2766113e-03   1.4083759e+00
  -2.2857666e-03   1.4060044e+00
  -2.2949219e-03   1.4036620e+00
  -2.3040771e-03   1.4012727e+00
  -2.3132324e-03   1.3988253e+00
  -2.3223877e-03   1.3962974e+00
  -2.3315430e-03   1.3935147e+00
  -2.3406982e-03   1.3901764e+00
  -2.3498535e-03   1.3859651e+00
  -2.3590088e-03   1.3807072e+00
  -2.3681641e-03   1.3745297e+00
  -2.3773193e-03   1.3677028e+00
  -2.3864746e-03   1.3606481e+00
  -2.3956299e-03   1.3537562e+00
  -2.4047852e-03   1.3472291e+00
  -2.4139404e-03   1.3412015e+00
  -2.4230957e-03   1.3357601e+00
  -2.4322510e-03   1.3309690e+00
  -2.4414063e-03   1.3267803e+00
  -2.4505615e-03   1.3230449e+00
  -2.4597168e-03   1.3197653e+00
  -2.4688721e-03   1.3170087e+00
  -2.4780273e-03   1.3147074e+00
  -2.4871826e-03   1.3127210e+00
  -2.4963379e-03   1.3109400e+00
  -2.5054932e-03   1.3092859e+00
  -2.5146484e-03   1.3076662e+00
  -2.5238037e-03   1.3059575e+00
  -2.5329590e-03   1.3039638e+00
  -2.5421143e-03   1.3015313e+00
  -2.5512695e-03   1.2986267e+00
  -2.5604248e-03   1.2953621e+00
  -2.5695801e-03   1.2917909e+00
  -2.5787354e-03   1.2877398e+00
  -2.5878906e-03   1.2831308e+00
  -2.5970459e-03   1.2780955e+00
  -2.6062012e-03   1.2728272e+00
  -2.6153564e-03   1.2675190e+00
  -2.6245117e-03   1.2622967e+00
  -2.6336670e-03   1.2573895e+00
  -2.6428223e-03   1.2530179e+00
  -2.6519775e-03   1.2493242e+00
  -2.6611328e-03   1.2464644e+00
  -2.6702881e-03   1.2444829e+00
  -2.6794434e-03   1.2433148e+00
  -2.6885986e-03   1.2428174e+00
  -2.6977539e-03   1.2428702e+00
  -2.7069092e-03   1.2433753e+00
  -2.7160645e-03   1.2442263e+00
  -2.7252197e-03   1.2452278e+00
  -2.7343750e-03   1.2461314e+00
  -2.7435303e-03   1.2467057e+00
  -2.7526855e-03   1.2468225e+00
  -2.7618408e-03   1.2464570e+00
  -2.7709961e-03   1.2456039e+00
  -2.7801514e-03   1.2441380e+00
  -2.7893066e-03   1.2419593e+00
  -2.7984619e-03   1.2390042e+00
  -2.8076172e-03   1.2352758e+00
  -2.8167725e-03   1.2309583e+00
  -2.8259277e-03   1.2262889e+00
  -2.8350830e-03   1.2214569e+00
  -2.8442383e-03   1.2165238e+00
  -2.8533936e-03   1.2115480e+00
  -2.8625488e-03   1.2067605e+00
  -2.8717041e-03   1.2023893e+00
  -2.8808594e-03   1.1985094e+00
  -2.8900146e-03   1.1950898e+00
  -2.8991699e-03   1.1922194e+00
  -2.9083252e-03   1.1901480e+00
  -2.9174805e-03   1.1890226e+00
  -2.9266357e-03   1.1887842e+00
  -2.9357910e-03   1.1891129e+00
  -2.9449463e-03   1.1895721e+00
  -2.9541016e-03   1.1898397e+00
  -2.9632568e-03   1.1898378e+00
  -2.9724121e-03   1.1895500e+00
  -2.9815674e-03   1.1888765e+00
  -2.9907227e-03   1.1876759e+00
  -2.9998779e-03   1.1858014e+00
  -3.0090332e-03   1.1832395e+00
  -3.0181885e-03   1.1801431e+00
  -3.0273438e-03   1.1767817e+00
  -3.0364990e-03   1.1733022e+00
  -3.0456543e-03   1.1697659e+00
  -3.0548096e-03   1.1663224e+00
  -3.0639648e-03   1.1632543e+00
  -3.0731201e-03   1.1607113e+00
  -3.0822754e-03   1.1587539e+00
  -3.0914307e-03   1.1573708e+00
  -3.1005859e-03   1.1564840e+00
  -3.1097412e-03   1.1559716e+00
  -3.1188965e-03   1.1557751e+00
  -3.1280518e-03   1.1559691e+00
  -3.1372070e-03   1.1566421e+00
  -3.1463623e-03   1.1577272e+00
  -3.1555176e-03   1.1589670e+00
  -3.1646729e-03   1.1601290e+00
  -3.1738281e-03   1.1610528e+00
  -3.1829834e-03   1.1616086e+00
  -3.1921387e-03   1.1615697e+00
  -3.2012939e-03   1.1606048e+00
  -3.2104492e-03   1.1585015e+00
  -3.2196045e-03   1.1552658e+00
  -3.2287598e-03   1.1510753e+00
  -3.2379150e-03   1.1461210e+00
  -3.2470703e-03   1.1404808e+00
  -3.2562256e-03   1.1343675e+00
  -3.2653809e-03   1.1280742e+00
  -3.2745361e-03   1.1218660e+00
  -3.2836914e-03   1.1160051e+00
  -3.2928467e-03   1.1107728e+00
  -3.3020020e-03   1.1063509e+00
  -3.3111572e-03   1.1027666e+00
  -3.3203125e-03   1.0999697e+00
  -3.3294678e-03   1.0978772e+00
  -3.3386230e-03   1.0964832e+00
  -3.3477783e-03   1.0958920e+00
  -3.3569336e-03   1.0963348e+00
  -3.3660889e-03   1.0978029e+00
  -3.3752441e-03   1.1000917e+00
  -3.3843994e-03   1.1029142e+00
  -3.3935547e-03   1.1059784e+00
  -3.4027100e-03   1.1089231e+00
  -3.4118652e-03   1.1113271e+00
  -3.4210205e-03   1.1128907e+00
  -3.4301758e-03   1.1134987e+00
  -3.4393311e-03   1.1131597e+00
  -3.4484863e-03   1.1118219e+00
  -3.4576416e-03   1.1095245e+00
  -3.4667969e-03   1.1063670e+00
  -3.4759521e-03   1.1025202e+00
  -3.4851074e-03   1.0983668e+00
  -3.4942627e-03   1.0942865e+00
  -3.5034180e-03   1.0905237e+00
  -3.5125732e-03   1.0871554e+00
  -3.5217285e-03   1.0842444e+00
  -3.5308838e-03   1.0819226e+00
  -3.5400391e-03   1.0803021e+00
  -3.5491943e-03   1.0794678e+00
  -3.5583496e-03   1.0794963e+00
  -3.5675049e-03   1.0804885e+00
  -3.5766602e-03   1.0823316e+00
  -3.5858154e-03   1.0847917e+00
  -3.5949707e-03   1.0875556e+00
  -3.6041260e-03   1.0903819e+00
  -3.6132813e-03   1.0931688e+00
  -3.6224365e-03   1.0955545e+00
  -3.6315918e-03   1.0969905e+00
  -3.6407471e-03   1.0970523e+00
  -3.6499023e-03   1.0956529e+00
  -3.6590576e-03   1.0930014e+00
  -3.6682129e-03   1.0892847e+00
  -3.6773682e-03   1.0847117e+00
  -3.6865234e-03   1.0795704e+00
  -3.6956787e-03   1.0741078e+00
  -3.7048340e-03   1.0684279e+00
  -3.7139893e-03   1.0626240e+00
  -3.7231445e-03   1.0569673e+00
  -3.7322998e-03   1.0520079e+00
  -3.7414551e-03   1.0481833e+00
  -3.7506104e-03   1.0456244e+00
  -3.7597656e-03   1.0443141e+00
  -3.7689209e-03   1.0441368e+00
  -3.7780762e-03   1.0449033e+00
  -3.7872314e-03   1.0463889e+00
  -3.7963867e-03   1.0483553e+00
  -3.8055420e-03   1.0505754e+00
  -3.8146973e-03   1.0528494e+00
  -3.8238525e-03   1.0548851e+00
  -3.8330078e-03   1.0563381e+00
  -3.8421631e-03   1.0569083e+00
  -3.8513184e-03   1.0563557e+00
  -3.8604736e-03   1.0547957e+00
  -3.8696289e-03   1.0523815e+00
  -3.8787842e-03   1.0491874e+00
  -3.8879395e-03   1.0451919e+00
  -3.8970947e-03   1.0403572e+00
  -3.9062500e-03   1.0351367e+00
  -3.9154053e-03   1.0300735e+00
  -3.9245605e-03   1.0253803e+00
  -3.9337158e-03   1.0211498e+00
  -3.9428711e-03   1.0174879e+00
  -3.9520264e-03   1.0147107e+00
  -3.9611816e-03   1.0131149e+00
  -3.9703369e-03   1.0128879e+00
  -3.9794922e-03   1.0141219e+00
  -3.9886475e-03   1.0168269e+00
  -3.9978027e-03   1.0209286e+00
  -4.0069580e-03   1.0261541e+00
  -4.0161133e-03   1.0319988e+00
  -4.0252686e-03   1.0377383e+00
  -4.0344238e-03   1.0427925e+00
  -4.0435791e-03   1.0469143e+00
  -4.0527344e-03   1.0500686e+00
  -4.0618896e-03   1.0523049e+00
  -4.0710449e-03   1.0536074e+00
  -4.0802002e-03   1.0539274e+00
  -4.0893555e-03   1.0532466e+00
  -4.0985107e-03   1.0517529e+00
  -4.1076660e-03   1.0497650e+00
  -4.1168213e-03   1.0475005e+00
  -4.1259766e-03   1.0451036e+00
  -4.1351318e-03   1.0426723e+00
  -4.1442871e-03   1.0401794e+00
  -4.1534424e-03   1.0377444e+00
  -4.1625977e-03   1.0355954e+00
  -4.1717529e-03   1.0341045e+00
  -4.1809082e-03   1.0336243e+00
  -4.1900635e-03   1.0341191e+00
  -4.1992188e-03   1.0354769e+00
  -4.2083740e-03   1.0376568e+00
  -4.2175293e-03   1.0405416e+00
  -4.2266846e-03   1.0439736e+00
  -4.2358398e-03   1.0477247e+00
  -4.2449951e-03   1.0514666e+00
  -4.2541504e-03   1.0546893e+00
  -4.2633057e-03   1.0569241e+00
  -4.2724609e-03   1.0579545e+00
  -4.2816162e-03   1.0578192e+00
  -4.2907715e-03   1.0565593e+00
  -4.2999268e-03   1.0541265e+00
  -4.3090820e-03   1.0508385e+00
  -4.3182373e-03   1.0471696e+00
  -4.3273926e-03   1.0434587e+00
  -4.3365479e-03   1.0397842e+00
  -4.3457031e-03   1.0361300e+00
  -4.3548584e-03   1.0326043e+00
  -4.3640137e-03   1.0294235e+00
  -4.3731689e-03   1.0268635e+00
  -4.3823242e-03   1.0250540e+00
  -4.3914795e-03   1.0240432e+00
  -4.4006348e-03   1.0239633e+00
  -4.4097900e-03   1.0248652e+00
  -4.4189453e-03   1.0267026e+00
  -4.4281006e-03   1.0293154e+00
  -4.4372559e-03   1.0323951e+00
  -4.4464111e-03   1.0357144e+00
  -4.4555664e-03   1.0388977e+00
  -4.4647217e-03   1.0416288e+00
  -4.4738770e-03   1.0436567e+00
  -4.4830322e-03   1.0447225e+00
  -4.4921875e-03   1.0447374e+00
  -4.5013428e-03   1.0436670e+00
  -4.5104980e-03   1.0414819e+00
  -4.5196533e-03   1.0382584e+00
  -4.5288086e-03   1.0343046e+00
  -4.5379639e-03   1.0301335e+00
  -4.5471191e-03   1.0261608e+00
  -4.5562744e-03   1.0224727e+00
  -4.5654297e-03   1.0190771e+00
  -4.5745850e-03   1.0162517e+00
  -4.5837402e-03   1.0143306e+00
  -4.5928955e-03   1.0133968e+00
  -4.6020508e-03   1.0133745e+00
  -4.6112061e-03   1.0141555e+00
  -4.6203613e-03   1.0158066e+00
  -4.6295166e-03   1.0183033e+00
  -4.6386719e-03   1.0214108e+00
  -4.6478271e-03   1.0250426e+00
  -4.6569824e-03   1.0290961e+00
  -4.6661377e-03   1.0333908e+00
  -4.6752930e-03   1.0376869e+00
  -4.6844482e-03   1.0414918e+00
  -4.6936035e-03   1.0444587e+00
  -4.7027588e-03   1.0462999e+00
  -4.7119141e-03   1.0468895e+00
  -4.7210693e-03   1.0462255e+00
  -4.7302246e-03   1.0443192e+00
  -4.7393799e-03   1.0415799e+00
  -4.7485352e-03   1.0384221e+00
  -4.7576904e-03   1.0352278e+00
  -4.7668457e-03   1.0322388e+00
  -4.7760010e-03   1.0296297e+00
  -4.7851563e-03   1.0277094e+00
  -4.7943115e-03   1.0266012e+00
  -4.8034668e-03   1.0263235e+00
  -4.8126221e-03   1.0266368e+00
  -4.8217773e-03   1.0273287e+00
  -4.8309326e-03   1.0284367e+00
  -4.8400879e-03   1.0302504e+00
  -4.8492432e-03   1.0330380e+00
  -4.8583984e-03   1.0366246e+00
  -4.8675537e-03   1.0407656e+00
  -4.8767090e-03   1.0451764e+00
  -4.8858643e-03   1.0495081e+00
  -4.8950195e-03   1.0532995e+00
  -4.9041748e-03   1.0558535e+00
  -4.9133301e-03   1.0569321e+00
  -4.9224854e-03   1.0567773e+00
  -4.9316406e-03   1.0556308e+00
  -4.9407959e-03   1.0537156e+00
  -4.9499512e-03   1.0509998e+00
  -4.9591064e-03   1.0475027e+00
  -4.9682617e-03   1.0435138e+00
  -4.9774170e-03   1.0394646e+00
  -4.9865723e-03   1.0358238e+00
  -4.9957275e-03   1.0327919e+00
  -5.0048828e-03   1.0305616e+00
  -5.0140381e-03   1.0293197e+00
  -5.0231934e-03   1.0291462e+00
  -5.0323486e-03   1.0300645e+00
  -5.0415039e-03   1.0320021e+00
  -5.0506592e-03   1.0348299e+00
  -5.0598145e-03   1.0381491e+00
  -5.0689697e-03   1.0414860e+00
  -5.0781250e-03   1.0445787e+00
  -5.0872803e-03   1.0472803e+00
  -5.0964355e-03   1.0494090e+00
  -5.1055908e-03   1.0507487e+00
  -5.1147461e-03   1.0511529e+00
  -5.1239014e-03   1.0504561e+00
  -5.1330566e-03   1.0485496e+00
  -5.1422119e-03   1.0453161e+00
  -5.1513672e-03   1.0406843e+00
  -5.1605225e-03   1.0348497e+00
  -5.1696777e-03   1.0281520e+00
  -5.1788330e-03   1.0212268e+00
  -5.1879883e-03   1.0148322e+00
  -5.1971436e-03   1.0093282e+00
  -5.2062988e-03   1.0049067e+00
  -5.2154541e-03   1.0016043e+00
  -5.2246094e-03   9.9934070e-01
  -5.2337646e-03   9.9808861e-01
  -5.2429199e-03   9.9783961e-01
  -5.2520752e-03   9.9856393e-01
  -5.2612305e-03   9.9991457e-01
  -5.2703857e-03   1.0015367e+00
  -5.2795410e-03   1.0033237e+00
  -5.2886963e-03   1.0053474e+00
  -5.2978516e-03   1.0076956e+00
  -5.3070068e-03   1.0101231e+00
  -5.3161621e-03   1.0121105e+00
  -5.3253174e-03   1.0131466e+00
  -5.3344727e-03   1.0130376e+00
  -5.3436279e-03   1.0118612e+00
  -5.3527832e-03   1.0097003e+00
  -5.3619385e-03   1.0065874e+00
  -5.3710938e-03   1.0026718e+00
  -5.3802490e-03   9.9850476e-01
  -5.3894043e-03   9.9446404e-01
  -5.3985596e-03   9.9067729e-01
  -5.4077148e-03   9.8725873e-01
  -5.4168701e-03   9.8420024e-01
  -5.4260254e-03   9.8187386e-01
  -5.4351807e-03   9.8061686e-01
  -5.4443359e-03   9.8056165e-01
  -5.4534912e-03   9.8160937e-01
  -5.4626465e-03   9.8335832e-01
  -5.4718018e-03   9.8561691e-01
  -5.4809570e-03   9.8833710e-01
  -5.4901123e-03   9.9135932e-01
  -5.4992676e-03   9.9446836e-01
  -5.5084229e-03   9.9748096e-01
  -5.5175781e-03   1.0002512e+00
  -5.5267334e-03   1.0024925e+00
  -5.5358887e-03   1.0038547e+00
  -5.5450439e-03   1.0041685e+00
  -5.5541992e-03   1.0035748e+00
  -5.5633545e-03   1.0022785e+00
  -5.5725098e-03   1.0002665e+00
  -5.5816650e-03   9.9748604e-01
  -5.5908203e-03   9.9400649e-01
  -5.5999756e-03   9.9033980e-01
  -5.6091309e-03   9.8698706e-01
  -5.6182861e-03   9.8404354e-01
  -5.6274414e-03   9.8147196e-01
  -5.6365967e-03   9.7941258e-01
  -5.6457520e-03   9.7822019e-01
  -5.6549072e-03   9.7797386e-01
  -5.6640625e-03   9.7840304e-01
  -5.6732178e-03   9.7948359e-01
  -5.6823730e-03   9.8141381e-01
  -5.6915283e-03   9.8437600e-01
  -5.7006836e-03   9.8815529e-01
  -5.7098389e-03   9.9204207e-01
  -5.7189941e-03   9.9543561e-01
  -5.7281494e-03   9.9811652e-01
  -5.7373047e-03   1.0003523e+00
  -5.7464600e-03   1.0024632e+00
  -5.7556152e-03   1.0041716e+00
  -5.7647705e-03   1.0050519e+00
  -5.7739258e-03   1.0048877e+00
  -5.7830811e-03   1.0036372e+00
  -5.7922363e-03   1.0012506e+00
  -5.8013916e-03   9.9782083e-01
  -5.8105469e-03   9.9382936e-01
  -5.8197021e-03   9.8994216e-01
  -5.8288574e-03   9.8669542e-01
  -5.8380127e-03   9.8423675e-01
  -5.8471680e-03   9.8253942e-01
  -5.8563232e-03   9.8152652e-01
  -5.8654785e-03   9.8100238e-01
  -5.8746338e-03   9.8095889e-01
  -5.8837891e-03   9.8125068e-01
  -5.8929443e-03   9.8176149e-01
  -5.9020996e-03   9.8257301e-01
  -5.9112549e-03   9.8381439e-01
  -5.9204102e-03   9.8565953e-01
  -5.9295654e-03   9.8802115e-01
  -5.9387207e-03   9.9063268e-01
  -5.9478760e-03   9.9330418e-01
  -5.9570313e-03   9.9572191e-01
  -5.9661865e-03   9.9769357e-01
  -5.9753418e-03   9.9904539e-01
  -5.9844971e-03   9.9966434e-01
  -5.9936523e-03   9.9949012e-01
  -6.0028076e-03   9.9849675e-01
  -6.0119629e-03   9.9673461e-01
  -6.0211182e-03   9.9424353e-01
  -6.0302734e-03   9.9108176e-01
  -6.0394287e-03   9.8753393e-01
  -6.0485840e-03   9.8394506e-01
  -6.0577393e-03   9.8062313e-01
  -6.0668945e-03   9.7789437e-01
  -6.0760498e-03   9.7609532e-01
  -6.0852051e-03   9.7531243e-01
  -6.0943604e-03   9.7531375e-01
  -6.1035156e-03   9.7585699e-01
  -6.1126709e-03   9.7685774e-01
  -6.1218262e-03   9.7829215e-01
  -6.1309814e-03   9.8001018e-01
  -6.1401367e-03   9.8190130e-01
  -6.1492920e-03   9.8403114e-01
  -6.1584473e-03   9.8632339e-01
  -6.1676025e-03   9.8864135e-01
  -6.1767578e-03   9.9078008e-01
  -6.1859131e-03   9.9253999e-01
  -6.1950684e-03   9.9385823e-01
  -6.2042236e-03   9.9455903e-01
  -6.2133789e-03   9.9460324e-01
  -6.2225342e-03   9.9399116e-01
  -6.2316895e-03   9.9264167e-01
  -6.2408447e-03   9.9069158e-01
  -6.2500000e-03   9.8828022e-01
  -6.2591553e-03   9.8557573e-01
  -6.2683105e-03   9.8292979e-01
  -6.2774658e-03   9.8079357e-01
  -6.2866211e-03   9.7970717e-01
  -6.2957764e-03   9.7989831e-01
  -6.3049316e-03   9.8126943e-01
  -6.3140869e-03   9.8348184e-01
  -6.3232422e-03   9.8630187e-01
  -6.3323975e-03   9.8959037e-01
  -6.3415527e-03   9.9309029e-01
  -6.3507080e-03   9.9646616e-01
  -6.3598633e-03   9.9940626e-01
  -6.3690186e-03   1.0020234e+00
  -6.3781738e-03   1.0044356e+00
  -6.3873291e-03   1.0064544e+00
  -6.3964844e-03   1.0078049e+00
  -6.4056396e-03   1.0082572e+00
  -6.4147949e-03   1.0079397e+00
  -6.4239502e-03   1.0070126e+00
  -6.4331055e-03   1.0054813e+00
  -6.4422607e-03   1.0033983e+00
  -6.4514160e-03   1.0008582e+00
  -6.4605713e-03   9.9801793e-01
  -6.4697266e-03   9.9479406e-01
  -6.4788818e-03   9.9100626e-01
  -6.4880371e-03   9.8683518e-01
  -6.4971924e-03   9.8276991e-01
  -6.5063477e-03   9.7940904e-01
  -6.5155029e-03   9.7700843e-01
  -6.5246582e-03   9.7555202e-01
  -6.5338135e-03   9.7494796e-01
  -6.5429688e-03   9.7512011e-01
  -6.5521240e-03   9.7601070e-01
  -6.5612793e-03   9.7747837e-01
  -6.5704346e-03   9.7923561e-01
  -6.5795898e-03   9.8090627e-01
  -6.5887451e-03   9.8216141e-01
  -6.5979004e-03   9.8283672e-01
  -6.6070557e-03   9.8270014e-01
  -6.6162109e-03   9.8183290e-01
  -6.6253662e-03   9.8061367e-01
  -6.6345215e-03   9.7946008e-01
  -6.6436768e-03   9.7850255e-01
  -6.6528320e-03   9.7735493e-01
  -6.6619873e-03   9.7567041e-01
  -6.6711426e-03   9.7343359e-01
  -6.6802979e-03   9.7082980e-01
  -6.6894531e-03   9.6814857e-01
  -6.6986084e-03   9.6555156e-01
  -6.7077637e-03   9.6306739e-01
  -6.7169189e-03   9.6083415e-01
  -6.7260742e-03   9.5898721e-01
  -6.7352295e-03   9.5756551e-01
  -6.7443848e-03   9.5661836e-01
  -6.7535400e-03   9.5639823e-01
  -6.7626953e-03   9.5714960e-01
  -6.7718506e-03   9.5870805e-01
  -6.7810059e-03   9.6054733e-01
  -6.7901611e-03   9.6237578e-01
  -6.7993164e-03   9.6426627e-01
  -6.8084717e-03   9.6618496e-01
  -6.8176270e-03   9.6794447e-01
  -6.8267822e-03   9.6936535e-01
  -6.8359375e-03   9.7039570e-01
  -6.8450928e-03   9.7088482e-01
  -6.8542480e-03   9.7056506e-01
  -6.8634033e-03   9.6938471e-01
  -6.8725586e-03   9.6742994e-01
  -6.8817139e-03   9.6501821e-01
  -6.8908691e-03   9.6270078e-01
  -6.9000244e-03   9.6085186e-01
  -6.9091797e-03   9.5944268e-01
  -6.9183350e-03   9.5836393e-01
  -6.9274902e-03   9.5758171e-01
  -6.9366455e-03   9.5708551e-01
  -6.9458008e-03   9.5671937e-01
  -6.9549561e-03   9.5640794e-01
  -6.9641113e-03   9.5624986e-01
  -6.9732666e-03   9.5633854e-01
  -6.9824219e-03   9.5660898e-01
  -6.9915771e-03   9.5719867e-01
  -7.0007324e-03   9.5836182e-01
  -7.0098877e-03   9.6000738e-01
  -7.0190430e-03   9.6176414e-01
  -7.0281982e-03   9.6315472e-01
  -7.0373535e-03   9.6390693e-01
  -7.0465088e-03   9.6409881e-01
  -7.0556641e-03   9.6402880e-01
  -7.0648193e-03   9.6381628e-01
  -7.0739746e-03   9.6314242e-01
  -7.0831299e-03   9.6162378e-01
  -7.0922852e-03   9.5935398e-01
  -7.1014404e-03   9.5666763e-01
  -7.1105957e-03   9.5375403e-01
  -7.1197510e-03   9.5069101e-01
  -7.1289063e-03   9.4784127e-01
  -7.1380615e-03   9.4551815e-01
  -7.1472168e-03   9.4387162e-01
  -7.1563721e-03   9.4296100e-01
  -7.1655273e-03   9.4272125e-01
  -7.1746826e-03   9.4287513e-01
  -7.1838379e-03   9.4288926e-01
  -7.1929932e-03   9.4270417e-01
  -7.2021484e-03   9.4248556e-01
  -7.2113037e-03   9.4241457e-01
  -7.2204590e-03   9.4268774e-01
  -7.2296143e-03   9.4358689e-01
  -7.2387695e-03   9.4522300e-01
  -7.2479248e-03   9.4744578e-01
  -7.2570801e-03   9.4999128e-01
  -7.2662354e-03   9.5255169e-01
  -7.2753906e-03   9.5468498e-01
  -7.2845459e-03   9.5583043e-01
  -7.2937012e-03   9.5580494e-01
  -7.3028564e-03   9.5502756e-01
  -7.3120117e-03   9.5424788e-01
  -7.3211670e-03   9.5402647e-01
  -7.3303223e-03   9.5428822e-01
  -7.3394775e-03   9.5455255e-01
  -7.3486328e-03   9.5467486e-01
  -7.3577881e-03   9.5492372e-01
  -7.3669434e-03   9.5560890e-01
  -7.3760986e-03   9.5661407e-01
  -7.3852539e-03   9.5775068e-01
  -7.3944092e-03   9.5907030e-01
  -7.4035645e-03   9.6061414e-01
  -7.4127197e-03   9.6197448e-01
  -7.4218750e-03   9.6253998e-01
  -7.4310303e-03   9.6217941e-01
  -7.4401855e-03   9.6130835e-01
  -7.4493408e-03   9.6050979e-01
  -7.4584961e-03   9.6015241e-01
  -7.4676514e-03   9.6037268e-01
  -7.4768066e-03   9.6098993e-01
  -7.4859619e-03   9.6173082e-01
  -7.4951172e-03   9.6228861e-01
  -7.5042725e-03   9.6235159e-01
  -7.5134277e-03   9.6162625e-01
  -7.5225830e-03   9.6006908e-01
  -7.5317383e-03   9.5809767e-01
  -7.5408936e-03   9.5623501e-01
  -7.5500488e-03   9.5492396e-01
  -7.5592041e-03   9.5432138e-01
  -7.5683594e-03   9.5421590e-01
  -7.5775146e-03   9.5444773e-01
  -7.5866699e-03   9.5470016e-01
  -7.5958252e-03   9.5460261e-01
  -7.6049805e-03   9.5406256e-01
  -7.6141357e-03   9.5342238e-01
  -7.6232910e-03   9.5308599e-01
  -7.6324463e-03   9.5318445e-01
  -7.6416016e-03   9.5350414e-01
  -7.6507568e-03   9.5396268e-01
  -7.6599121e-03   9.5478629e-01
  -7.6690674e-03   9.5606739e-01
  -7.6782227e-03   9.5751274e-01
  -7.6873779e-03   9.5867508e-01
  -7.6965332e-03   9.5972155e-01
  -7.7056885e-03   9.6143592e-01
  -7.7148438e-03   9.6413911e-01
  -7.7239990e-03   9.6720392e-01
  -7.7331543e-03   9.6970293e-01
  -7.7423096e-03   9.7114324e-01
  -7.7514648e-03   9.7167932e-01
  -7.7606201e-03   9.7173519e-01
  -7.7697754e-03   9.7159343e-01
  -7.7789307e-03   9.7152365e-01
  -7.7880859e-03   9.7175170e-01
  -7.7972412e-03   9.7262393e-01
  -7.8063965e-03   9.7426327e-01
  -7.8155518e-03   9.7619734e-01
  -7.8247070e-03   9.7770257e-01
  -7.8338623e-03   9.7845591e-01
  -7.8430176e-03   9.7875261e-01
  -7.8521729e-03   9.7919804e-01
  -7.8613281e-03   9.8003576e-01
  -7.8704834e-03   9.8124510e-01
  -7.8796387e-03   9.8273620e-01
  -7.8887939e-03   9.8420393e-01
  -7.8979492e-03   9.8541508e-01
  -7.9071045e-03   9.8622880e-01
  -7.9162598e-03   9.8649407e-01
  -7.9254150e-03   9.8605994e-01
  -7.9345703e-03   9.8483956e-01
  -7.9437256e-03   9.8308167e-01
  -7.9528809e-03   9.8105539e-01
  -7.9620361e-03   9.7905272e-01
  -7.9711914e-03   9.7741931e-01
  -7.9803467e-03   9.7629326e-01
  -7.9895020e-03   9.7553873e-01
  -7.9986572e-03   9.7493034e-01
  -8.0078125e-03   9.7456785e-01
  -8.0169678e-03   9.7458421e-01
  -8.0261230e-03   9.7503816e-01
  -8.0352783e-03   9.7599858e-01
  -8.0444336e-03   9.7725555e-01
  -8.0535889e-03   9.7841254e-01
  -8.0627441e-03   9.7906298e-01
  -8.0718994e-03   9.7937838e-01
  -8.0810547e-03   9.7960174e-01
  -8.0902100e-03   9.7984812e-01
  -8.0993652e-03   9.8028110e-01
  -8.1085205e-03   9.8117151e-01
  -8.1176758e-03   9.8258308e-01
  -8.1268311e-03   9.8417579e-01
  -8.1359863e-03   9.8558169e-01
  -8.1451416e-03   9.8669355e-01
  -8.1542969e-03   9.8735058e-01
  -8.1634521e-03   9.8724137e-01
  -8.1726074e-03   9.8639685e-01
  -8.1817627e-03   9.8517217e-01
  -8.1909180e-03   9.8385596e-01
  -8.2000732e-03   9.8254268e-01
  -8.2092285e-03   9.8157181e-01
  -8.2183838e-03   9.8146891e-01
  -8.2275391e-03   9.8239699e-01
  -8.2366943e-03   9.8404186e-01
  -8.2458496e-03   9.8589814e-01
  -8.2550049e-03   9.8754998e-01
  -8.2641602e-03   9.8871181e-01
  -8.2733154e-03   9.8921295e-01
  -8.2824707e-03   9.8901793e-01
  -8.2916260e-03   9.8831312e-01
  -8.3007813e-03   9.8755757e-01
  -8.3099365e-03   9.8735539e-01
  -8.3190918e-03   9.8799438e-01
  -8.3282471e-03   9.8919646e-01
  -8.3374023e-03   9.9032444e-01
  -8.3465576e-03   9.9091720e-01
  -8.3557129e-03   9.9053932e-01
  -8.3648682e-03   9.8900523e-01
  -8.3740234e-03   9.8643757e-01
  -8.3831787e-03   9.8325689e-01
  -8.3923340e-03   9.7997773e-01
  -8.4014893e-03   9.7691328e-01
  -8.4106445e-03   9.7437147e-01
  -8.4197998e-03   9.7258374e-01
  -8.4289551e-03   9.7151165e-01
  -8.4381104e-03   9.7110404e-01
  -8.4472656e-03   9.7133525e-01
  -8.4564209e-03   9.7221775e-01
  -8.4655762e-03   9.7353511e-01
  -8.4747314e-03   9.7524901e-01
  -8.4838867e-03   9.7730336e-01
  -8.4930420e-03   9.7947173e-01
  -8.5021973e-03   9.8130913e-01
  -8.5113525e-03   9.8234280e-01
  -8.5205078e-03   9.8260862e-01
  -8.5296631e-03   9.8246777e-01
  -8.5388184e-03   9.8215930e-01
  -8.5479736e-03   9.8168326e-01
  -8.5571289e-03   9.8099144e-01
  -8.5662842e-03   9.8020331e-01
  -8.5754395e-03   9.7952212e-01
  -8.5845947e-03   9.7901134e-01
  -8.5937500e-03   9.7824679e-01
  -8.6029053e-03   9.7668768e-01
  -8.6120605e-03   9.7453234e-01
  -8.6212158e-03   9.7262383e-01
  -8.6303711e-03   9.7181497e-01
  -8.6395264e-03   9.7250387e-01
  -8.6486816e-03   9.7455041e-01
  -8.6578369e-03   9.7762680e-01
  -8.6669922e-03   9.8101969e-01
  -8.6761475e-03   9.8420637e-01
  -8.6853027e-03   9.8685969e-01
  -8.6944580e-03   9.8868814e-01
  -8.7036133e-03   9.8952972e-01
  -8.7127686e-03   9.8951408e-01
  -8.7219238e-03   9.8904720e-01
  -8.7310791e-03   9.8870219e-01
  -8.7402344e-03   9.8891247e-01
  -8.7493896e-03   9.8966772e-01
  -8.7585449e-03   9.9054451e-01
  -8.7677002e-03   9.9124125e-01
  -8.7768555e-03   9.9181629e-01
  -8.7860107e-03   9.9245713e-01
  -8.7951660e-03   9.9310297e-01
  -8.8043213e-03   9.9345998e-01
  -8.8134766e-03   9.9325476e-01
  -8.8226318e-03   9.9254827e-01
  -8.8317871e-03   9.9180909e-01
  -8.8409424e-03   9.9156890e-01
  -8.8500977e-03   9.9199459e-01
  -8.8592529e-03   9.9255441e-01
  -8.8684082e-03   9.9259788e-01
  -8.8775635e-03   9.9201384e-01
  -8.8867188e-03   9.9116940e-01
  -8.8958740e-03   9.9022149e-01
  -8.9050293e-03   9.8907149e-01
  -8.9141846e-03   9.8754242e-01
  -8.9233398e-03   9.8576086e-01
  -8.9324951e-03   9.8424024e-01
  -8.9416504e-03   9.8337493e-01
  -8.9508057e-03   9.8343521e-01
  -8.9599609e-03   9.8409468e-01
  -8.9691162e-03   9.8504475e-01
  -8.9782715e-03   9.8626004e-01
  -8.9874268e-03   9.8780618e-01
  -8.9965820e-03   9.8972601e-01
  -9.0057373e-03   9.9195877e-01
  -9.0148926e-03   9.9416077e-01
  -9.0240479e-03   9.9576118e-01
  -9.0332031e-03   9.9654045e-01
  -9.0423584e-03   9.9681708e-01
  -9.0515137e-03   9.9701291e-01
  -9.0606689e-03   9.9717090e-01
  -9.0698242e-03   9.9711182e-01
  -9.0789795e-03   9.9690137e-01
  -9.0881348e-03   9.9682733e-01
  -9.0972900e-03   9.9703098e-01
  -9.1064453e-03   9.9743905e-01
  -9.1156006e-03   9.9776637e-01
  -9.1247559e-03   9.9785906e-01
  -9.1339111e-03   9.9771720e-01
  -9.1430664e-03   9.9755780e-01
  -9.1522217e-03   9.9775410e-01
  -9.1613770e-03   9.9859850e-01
  -9.1705322e-03   9.9998237e-01
  -9.1796875e-03   1.0015652e+00
  -9.1888428e-03   1.0030443e+00
  -9.1979980e-03   1.0045963e+00
  -9.2071533e-03   1.0065009e+00
  -9.2163086e-03   1.0086496e+00
  -9.2254639e-03   1.0105308e+00
  -9.2346191e-03   1.0117087e+00
  -9.2437744e-03   1.0122364e+00
  -9.2529297e-03   1.0124090e+00
  -9.2620850e-03   1.0122290e+00
  -9.2712402e-03   1.0114799e+00
  -9.2803955e-03   1.0101167e+00
  -9.2895508e-03   1.0081521e+00
  -9.2987061e-03   1.0058456e+00
  -9.3078613e-03   1.0035448e+00
  -9.3170166e-03   1.0015088e+00
  -9.3261719e-03   9.9972750e-01
  -9.3353271e-03   9.9808256e-01
  -9.3444824e-03   9.9637264e-01
  -9.3536377e-03   9.9466316e-01
  -9.3627930e-03   9.9333146e-01
  -9.3719482e-03   9.9265411e-01
  -9.3811035e-03   9.9268117e-01
  -9.3902588e-03   9.9319114e-01
  -9.3994141e-03   9.9413355e-01
  -9.4085693e-03   9.9548563e-01
  -9.4177246e-03   9.9722213e-01
  -9.4268799e-03   9.9908651e-01
  -9.4360352e-03   1.0006640e+00
  -9.4451904e-03   1.0017663e+00
  -9.4543457e-03   1.0025015e+00
  -9.4635010e-03   1.0032493e+00
  -9.4726563e-03   1.0041074e+00
  -9.4818115e-03   1.0045535e+00
  -9.4909668e-03   1.0040727e+00
  -9.5001221e-03   1.0025649e+00
  -9.5092773e-03   1.0004599e+00
  -9.5184326e-03   9.9812690e-01
  -9.5275879e-03   9.9551076e-01
  -9.5367432e-03   9.9261410e-01
  -9.5458984e-03   9.8986373e-01
  -9.5550537e-03   9.8779418e-01
  -9.5642090e-03   9.8653574e-01
  -9.5733643e-03   9.8593005e-01
  -9.5825195e-03   9.8592924e-01
  -9.5916748e-03   9.8674885e-01
  -9.6008301e-03   9.8826321e-01
  -9.6099854e-03   9.9003315e-01
  -9.6191406e-03   9.9172754e-01
  -9.6282959e-03   9.9335644e-01
  -9.6374512e-03   9.9517312e-01
  -9.6466064e-03   9.9710982e-01
  -9.6557617e-03   9.9876541e-01
  -9.6649170e-03   9.9977402e-01
  -9.6740723e-03   1.0000632e+00
  -9.6832275e-03   9.9963810e-01
  -9.6923828e-03   9.9841886e-01
  -9.7015381e-03   9.9628794e-01
  -9.7106934e-03   9.9345608e-01
  -9.7198486e-03   9.9038190e-01
  -9.7290039e-03   9.8750633e-01
  -9.7381592e-03   9.8511229e-01
  -9.7473145e-03   9.8300931e-01
  -9.7564697e-03   9.8103205e-01
  -9.7656250e-03   9.7927060e-01
  -9.7747803e-03   9.7794017e-01
  -9.7839355e-03   9.7713325e-01
  -9.7930908e-03   9.7662941e-01
  -9.8022461e-03   9.7619332e-01
  -9.8114014e-03   9.7604266e-01
  -9.8205566e-03   9.7669777e-01
  -9.8297119e-03   9.7860871e-01
  -9.8388672e-03   9.8178761e-01
  -9.8480225e-03   9.8568376e-01
  -9.8571777e-03   9.8979176e-01
  -9.8663330e-03   9.9380394e-01
  -9.8754883e-03   9.9429434e-01
  -9.8846436e-03   9.9478471e-01
  -9.8937988e-03   9.9527505e-01
  -9.9029541e-03   9.9576535e-01
  -9.9121094e-03   9.9625563e-01
  -9.9212646e-03   9.9674587e-01
  -9.9304199e-03   9.9723608e-01
  -9.9395752e-03   9.9772626e-01
  -9.9487305e-03   9.9821641e-01
  -9.9578857e-03   9.9870653e-01
  -9.9670410e-03   9.9919662e-01
  -9.9761963e-03   9.9968667e-01
  -9.9853516e-03   1.0001767e+00
  -9.9945068e-03   1.0006667e+00
  -1.0003662e-02   1.0011567e+00
