   9.9975586e-01   1.1634827e+00
   9.9884033e-01   1.1753845e+00
   9.9792480e-01   1.2030029e+00
   9.9700928e-01   1.2242126e+00
   9.9609375e-01   1.2341309e+00
   9.9517822e-01   1.2367249e+00
   9.9426270e-01   1.2355042e+00
   9.9334717e-01   1.2313843e+00
   9.9243164e-01   1.2237549e+00
   9.9151611e-01   1.2191772e+00
   9.9060059e-01   1.2211609e+00
   9.8968506e-01   1.2184143e+00
   9.8876953e-01   1.1927795e+00
   9.8785400e-01   1.1499023e+00
   9.8693848e-01   1.1296082e+00
   9.8602295e-01   1.1557007e+00
   9.8510742e-01   1.1791992e+00
   9.8419189e-01   1.1743164e+00
   9.8327637e-01   1.1682129e+00
   9.8236084e-01   1.1889648e+00
   9.8144531e-01   1.2159729e+00
   9.8052979e-01   1.2138367e+00
   9.7961426e-01   1.2016296e+00
   9.7869873e-01   1.2095642e+00
   9.7778320e-01   1.2269592e+00
   9.7686768e-01   1.2178040e+00
   9.7595215e-01   1.1892700e+00
   9.7503662e-01   1.1924744e+00
   9.7412109e-01   1.2463379e+00
   9.7320557e-01   1.3034058e+00
   9.7229004e-01   1.3131714e+00
   9.7137451e-01   1.2971497e+00
   9.7045898e-01   1.3067627e+00
   9.6954346e-01   1.3395691e+00
   9.6862793e-01   1.3400269e+00
   9.6771240e-01   1.3032532e+00
   9.6679688e-01   1.2792969e+00
   9.6588135e-01   1.2854004e+00
   9.6496582e-01   1.2815857e+00
   9.6405029e-01   1.2510681e+00
   9.6313477e-01   1.2248230e+00
   9.6221924e-01   1.2178040e+00
   9.6130371e-01   1.2219238e+00
   9.6038818e-01   1.2377930e+00
   9.5947266e-01   1.2655640e+00
   9.5855713e-01   1.2785339e+00
   9.5764160e-01   1.2576294e+00
   9.5672607e-01   1.2271118e+00
   9.5581055e-01   1.2068176e+00
   9.5489502e-01   1.1804199e+00
   9.5397949e-01   1.1334229e+00
   9.5306396e-01   1.1032104e+00
   9.5214844e-01   1.1088562e+00
   9.5123291e-01   1.1067200e+00
   9.5031738e-01   1.0795593e+00
   9.4940186e-01   1.0729980e+00
   9.4848633e-01   1.1201477e+00
   9.4757080e-01   1.1631775e+00
   9.4665527e-01   1.1540222e+00
   9.4573975e-01   1.1305237e+00
   9.4482422e-01   1.1361694e+00
   9.4390869e-01   1.1534119e+00
   9.4299316e-01   1.1550903e+00
   9.4207764e-01   1.1582947e+00
   9.4116211e-01   1.1785889e+00
   9.4024658e-01   1.1930847e+00
   9.3933105e-01   1.1868286e+00
   9.3841553e-01   1.1810303e+00
   9.3750000e-01   1.1827087e+00
   9.3658447e-01   1.1824036e+00
   9.3566895e-01   1.1795044e+00
   9.3475342e-01   1.1923218e+00
   9.3383789e-01   1.2173462e+00
   9.3292236e-01   1.2190247e+00
   9.3200684e-01   1.2043762e+00
   9.3109131e-01   1.2072754e+00
   9.3017578e-01   1.2258911e+00
   9.2926025e-01   1.2191772e+00
   9.2834473e-01   1.1904907e+00
   9.2742920e-01   1.1961365e+00
   9.2651367e-01   1.2359619e+00
   9.2559814e-01   1.2489319e+00
   9.2468262e-01   1.2164307e+00
   9.2376709e-01   1.1936951e+00
   9.2285156e-01   1.2135315e+00
   9.2193604e-01   1.2356567e+00
   9.2102051e-01   1.2220764e+00
   9.2010498e-01   1.1984253e+00
   9.1918945e-01   1.1965942e+00
   9.1827393e-01   1.2104797e+00
   9.1735840e-01   1.2213135e+00
   9.1644287e-01   1.2298584e+00
   9.1552734e-01   1.2406921e+00
   9.1461182e-01   1.2507629e+00
   9.1369629e-01   1.2515259e+00
   9.1278076e-01   1.2422180e+00
   9.1186523e-01   1.2329102e+00
   9.1094971e-01   1.2316895e+00
   9.1003418e-01   1.2382507e+00
   9.0911865e-01   1.2388611e+00
   9.0820313e-01   1.2266541e+00
   9.0728760e-01   1.2020874e+00
   9.0637207e-01   1.1743164e+00
   9.0545654e-01   1.1642456e+00
   9.0454102e-01   1.1830139e+00
   9.0362549e-01   1.2101746e+00
   9.0270996e-01   1.2203979e+00
   9.0179443e-01   1.2158203e+00
   9.0087891e-01   1.2089539e+00
   8.9996338e-01   1.2084961e+00
   8.9904785e-01   1.2037659e+00
   8.9813232e-01   1.1875916e+00
   8.9721680e-01   1.1718750e+00
   8.9630127e-01   1.1715698e+00
   8.9538574e-01   1.1787415e+00
   8.9447021e-01   1.1714172e+00
   8.9355469e-01   1.1531067e+00
   8.9263916e-01   1.1521912e+00
   8.9172363e-01   1.1776733e+00
   8.9080811e-01   1.2031555e+00
   8.8989258e-01   1.2118530e+00
   8.8897705e-01   1.2083435e+00
   8.8806152e-01   1.2049866e+00
   8.8714600e-01   1.2026978e+00
   8.8623047e-01   1.1970520e+00
   8.8531494e-01   1.1952209e+00
   8.8439941e-01   1.2065125e+00
   8.8348389e-01   1.2257385e+00
   8.8256836e-01   1.2347412e+00
   8.8165283e-01   1.2310791e+00
   8.8073730e-01   1.2338257e+00
   8.7982178e-01   1.2644958e+00
   8.7890625e-01   1.3055420e+00
   8.7799072e-01   1.3208008e+00
   8.7707520e-01   1.3107300e+00
   8.7615967e-01   1.2974548e+00
   8.7524414e-01   1.2884521e+00
   8.7432861e-01   1.2780762e+00
   8.7341309e-01   1.2721252e+00
   8.7249756e-01   1.2834167e+00
   8.7158203e-01   1.2965393e+00
   8.7066650e-01   1.2893677e+00
   8.6975098e-01   1.2709045e+00
   8.6883545e-01   1.2593079e+00
   8.6791992e-01   1.2477112e+00
   8.6700439e-01   1.2207031e+00
   8.6608887e-01   1.2034607e+00
   8.6517334e-01   1.2095642e+00
   8.6425781e-01   1.2094116e+00
   8.6334229e-01   1.1866760e+00
   8.6242676e-01   1.1669922e+00
   8.6151123e-01   1.1755371e+00
   8.6059570e-01   1.1831665e+00
   8.5968018e-01   1.1741638e+00
   8.5876465e-01   1.1912537e+00
   8.5784912e-01   1.2423706e+00
   8.5693359e-01   1.2742615e+00
   8.5601807e-01   1.2466431e+00
   8.5510254e-01   1.2081909e+00
   8.5418701e-01   1.2057495e+00
   8.5327148e-01   1.2034607e+00
   8.5235596e-01   1.1633301e+00
   8.5144043e-01   1.1219788e+00
   8.5052490e-01   1.1346436e+00
   8.4960938e-01   1.1642456e+00
   8.4869385e-01   1.1517334e+00
   8.4777832e-01   1.1250305e+00
   8.4686279e-01   1.1325073e+00
   8.4594727e-01   1.1534119e+00
   8.4503174e-01   1.1412048e+00
   8.4411621e-01   1.1244202e+00
   8.4320068e-01   1.1566162e+00
   8.4228516e-01   1.2095642e+00
   8.4136963e-01   1.2271118e+00
   8.4045410e-01   1.2225342e+00
   8.3953857e-01   1.2377930e+00
   8.3862305e-01   1.2686157e+00
   8.3770752e-01   1.2763977e+00
   8.3679199e-01   1.2655640e+00
   8.3587646e-01   1.2638855e+00
   8.3496094e-01   1.2570190e+00
   8.3404541e-01   1.2287903e+00
   8.3312988e-01   1.2014771e+00
   8.3221436e-01   1.2013245e+00
   8.3129883e-01   1.2171936e+00
   8.3038330e-01   1.2240601e+00
   8.2946777e-01   1.2170410e+00
   8.2855225e-01   1.2080383e+00
   8.2763672e-01   1.2039185e+00
   8.2672119e-01   1.2083435e+00
   8.2580566e-01   1.2194824e+00
   8.2489014e-01   1.2345886e+00
   8.2397461e-01   1.2503052e+00
   8.2305908e-01   1.2661743e+00
   8.2214355e-01   1.2796021e+00
   8.2122803e-01   1.2800598e+00
   8.2031250e-01   1.2649536e+00
   8.1939697e-01   1.2419128e+00
   8.1848145e-01   1.2342834e+00
   8.1756592e-01   1.2388611e+00
   8.1665039e-01   1.2316895e+00
   8.1573486e-01   1.2022400e+00
   8.1481934e-01   1.1734009e+00
   8.1390381e-01   1.1610413e+00
   8.1298828e-01   1.1489868e+00
   8.1207275e-01   1.1303711e+00
   8.1115723e-01   1.1135864e+00
   8.1024170e-01   1.1035156e+00
   8.0932617e-01   1.0888672e+00
   8.0841064e-01   1.0757446e+00
   8.0749512e-01   1.0798645e+00
   8.0657959e-01   1.0949707e+00
   8.0566406e-01   1.1061096e+00
   8.0474854e-01   1.1128235e+00
   8.0383301e-01   1.1184692e+00
   8.0291748e-01   1.1193848e+00
   8.0200195e-01   1.1221313e+00
   8.0108643e-01   1.1470032e+00
   8.0017090e-01   1.1949158e+00
   7.9925537e-01   1.2425232e+00
   7.9833984e-01   1.2643433e+00
   7.9742432e-01   1.2622070e+00
   7.9650879e-01   1.2530518e+00
   7.9559326e-01   1.2399292e+00
   7.9467773e-01   1.2182617e+00
   7.9376221e-01   1.1944580e+00
   7.9284668e-01   1.1851501e+00
   7.9193115e-01   1.1947632e+00
   7.9101563e-01   1.2005615e+00
   7.9010010e-01   1.1940002e+00
   7.8918457e-01   1.1962891e+00
   7.8826904e-01   1.2165833e+00
   7.8735352e-01   1.2402344e+00
   7.8643799e-01   1.2390137e+00
   7.8552246e-01   1.2200928e+00
   7.8460693e-01   1.2237549e+00
   7.8369141e-01   1.2495422e+00
   7.8277588e-01   1.2672424e+00
   7.8186035e-01   1.2585449e+00
   7.8094482e-01   1.2522888e+00
   7.8002930e-01   1.2777710e+00
   7.7911377e-01   1.3072205e+00
   7.7819824e-01   1.3041687e+00
   7.7728271e-01   1.2815857e+00
   7.7636719e-01   1.2725830e+00
   7.7545166e-01   1.2739563e+00
   7.7453613e-01   1.2521362e+00
   7.7362061e-01   1.2161255e+00
   7.7270508e-01   1.1978149e+00
   7.7178955e-01   1.1991882e+00
   7.7087402e-01   1.1860657e+00
   7.6995850e-01   1.1521912e+00
   7.6904297e-01   1.1351013e+00
   7.6812744e-01   1.1480713e+00
   7.6721191e-01   1.1605835e+00
   7.6629639e-01   1.1503601e+00
   7.6538086e-01   1.1372375e+00
   7.6446533e-01   1.1418152e+00
   7.6354980e-01   1.1524963e+00
   7.6263428e-01   1.1569214e+00
   7.6171875e-01   1.1607361e+00
   7.6080322e-01   1.1701965e+00
   7.5988770e-01   1.1763000e+00
   7.5897217e-01   1.1752319e+00
   7.5805664e-01   1.1750793e+00
   7.5714111e-01   1.1767578e+00
   7.5622559e-01   1.1738586e+00
   7.5531006e-01   1.1642456e+00
   7.5439453e-01   1.1651611e+00
   7.5347900e-01   1.1773682e+00
   7.5256348e-01   1.1874390e+00
   7.5164795e-01   1.1940002e+00
   7.5073242e-01   1.2094116e+00
   7.4981689e-01   1.2318420e+00
   7.4890137e-01   1.2391663e+00
   7.4798584e-01   1.2373352e+00
   7.4707031e-01   1.2472534e+00
   7.4615479e-01   1.2654114e+00
   7.4523926e-01   1.2638855e+00
   7.4432373e-01   1.2405396e+00
   7.4340820e-01   1.2220764e+00
   7.4249268e-01   1.2164307e+00
   7.4157715e-01   1.2135315e+00
   7.4066162e-01   1.2078857e+00
   7.3974609e-01   1.2033081e+00
   7.3883057e-01   1.1895752e+00
   7.3791504e-01   1.1590576e+00
   7.3699951e-01   1.1405945e+00
   7.3608398e-01   1.1613464e+00
   7.3516846e-01   1.2039185e+00
   7.3425293e-01   1.2330627e+00
   7.3333740e-01   1.2509155e+00
   7.3242188e-01   1.2716675e+00
   7.3150635e-01   1.2771606e+00
   7.3059082e-01   1.2643433e+00
   7.2967529e-01   1.2590027e+00
   7.2875977e-01   1.2657166e+00
   7.2784424e-01   1.2550354e+00
   7.2692871e-01   1.2196350e+00
   7.2601318e-01   1.1943054e+00
   7.2509766e-01   1.1973572e+00
   7.2418213e-01   1.1990356e+00
   7.2326660e-01   1.1834717e+00
   7.2235107e-01   1.1795044e+00
   7.2143555e-01   1.2005615e+00
   7.2052002e-01   1.2188721e+00
   7.1960449e-01   1.2036133e+00
   7.1868896e-01   1.1840820e+00
   7.1777344e-01   1.1917114e+00
   7.1685791e-01   1.1950684e+00
   7.1594238e-01   1.1766052e+00
   7.1502686e-01   1.1672974e+00
   7.1411133e-01   1.1915588e+00
   7.1319580e-01   1.2170410e+00
   7.1228027e-01   1.2048340e+00
   7.1136475e-01   1.1811829e+00
   7.1044922e-01   1.1831665e+00
   7.0953369e-01   1.2017822e+00
   7.0861816e-01   1.2155151e+00
   7.0770264e-01   1.2208557e+00
   7.0678711e-01   1.2216187e+00
   7.0587158e-01   1.2202454e+00
   7.0495605e-01   1.2205505e+00
   7.0404053e-01   1.2179565e+00
   7.0312500e-01   1.2019348e+00
   7.0220947e-01   1.1851501e+00
   7.0129395e-01   1.1958313e+00
   7.0037842e-01   1.2284851e+00
   6.9946289e-01   1.2452698e+00
   6.9854736e-01   1.2417603e+00
   6.9763184e-01   1.2533569e+00
   6.9671631e-01   1.2838745e+00
   6.9580078e-01   1.2957764e+00
   6.9488525e-01   1.2768555e+00
   6.9396973e-01   1.2695313e+00
   6.9305420e-01   1.2947083e+00
   6.9213867e-01   1.3093567e+00
   6.9122314e-01   1.2826538e+00
   6.9030762e-01   1.2521362e+00
   6.8939209e-01   1.2539673e+00
   6.8847656e-01   1.2705994e+00
   6.8756104e-01   1.2742615e+00
   6.8664551e-01   1.2748718e+00
   6.8572998e-01   1.2904358e+00
   6.8481445e-01   1.2956238e+00
   6.8389893e-01   1.2734985e+00
   6.8298340e-01   1.2498474e+00
   6.8206787e-01   1.2449646e+00
   6.8115234e-01   1.2493896e+00
   6.8023682e-01   1.2510681e+00
   6.7932129e-01   1.2620544e+00
   6.7840576e-01   1.2756348e+00
   6.7749023e-01   1.2670898e+00
   6.7657471e-01   1.2420654e+00
   6.7565918e-01   1.2286377e+00
   6.7474365e-01   1.2329102e+00
   6.7382813e-01   1.2275696e+00
   6.7291260e-01   1.2063599e+00
   6.7199707e-01   1.1955261e+00
   6.7108154e-01   1.1991882e+00
   6.7016602e-01   1.1929321e+00
   6.6925049e-01   1.1706543e+00
   6.6833496e-01   1.1592102e+00
   6.6741943e-01   1.1708069e+00
   6.6650391e-01   1.1799622e+00
   6.6558838e-01   1.1770630e+00
   6.6467285e-01   1.1775208e+00
   6.6375732e-01   1.1920166e+00
   6.6284180e-01   1.2098694e+00
   6.6192627e-01   1.2181091e+00
   6.6101074e-01   1.2205505e+00
   6.6009521e-01   1.2207031e+00
   6.5917969e-01   1.2222290e+00
   6.5826416e-01   1.2335205e+00
   6.5734863e-01   1.2498474e+00
   6.5643311e-01   1.2594604e+00
   6.5551758e-01   1.2593079e+00
   6.5460205e-01   1.2593079e+00
   6.5368652e-01   1.2724304e+00
   6.5277100e-01   1.2785339e+00
   6.5185547e-01   1.2698364e+00
   6.5093994e-01   1.2751770e+00
   6.5002441e-01   1.2982178e+00
   6.4910889e-01   1.3101196e+00
   6.4819336e-01   1.2872314e+00
   6.4727783e-01   1.2603760e+00
   6.4636230e-01   1.2596130e+00
   6.4544678e-01   1.2615967e+00
   6.4453125e-01   1.2432861e+00
   6.4361572e-01   1.2255859e+00
   6.4270020e-01   1.2387085e+00
   6.4178467e-01   1.2707520e+00
   6.4086914e-01   1.2831116e+00
   6.3995361e-01   1.2698364e+00
   6.3903809e-01   1.2524414e+00
   6.3812256e-01   1.2429810e+00
   6.3720703e-01   1.2408447e+00
   6.3629150e-01   1.2463379e+00
   6.3537598e-01   1.2562561e+00
   6.3446045e-01   1.2544250e+00
   6.3354492e-01   1.2396240e+00
   6.3262939e-01   1.2226868e+00
   6.3171387e-01   1.2016296e+00
   6.3079834e-01   1.1764526e+00
   6.2988281e-01   1.1647034e+00
   6.2896729e-01   1.1888123e+00
   6.2805176e-01   1.2249756e+00
   6.2713623e-01   1.2304688e+00
   6.2622070e-01   1.2139893e+00
   6.2530518e-01   1.2120056e+00
   6.2438965e-01   1.2269592e+00
   6.2347412e-01   1.2239075e+00
   6.2255859e-01   1.1996460e+00
   6.2164307e-01   1.1917114e+00
   6.2072754e-01   1.2089539e+00
   6.1981201e-01   1.2185669e+00
   6.1889648e-01   1.2120056e+00
   6.1798096e-01   1.2089539e+00
   6.1706543e-01   1.2158203e+00
   6.1614990e-01   1.2194824e+00
   6.1523438e-01   1.2171936e+00
   6.1431885e-01   1.2243652e+00
   6.1340332e-01   1.2406921e+00
   6.1248779e-01   1.2490845e+00
   6.1157227e-01   1.2475586e+00
   6.1065674e-01   1.2471008e+00
   6.0974121e-01   1.2442017e+00
   6.0882568e-01   1.2280273e+00
   6.0791016e-01   1.2095642e+00
   6.0699463e-01   1.2112427e+00
   6.0607910e-01   1.2303162e+00
   6.0516357e-01   1.2501526e+00
   6.0424805e-01   1.2707520e+00
   6.0333252e-01   1.2962341e+00
   6.0241699e-01   1.3191223e+00
   6.0150146e-01   1.3294983e+00
   6.0058594e-01   1.3322449e+00
   5.9967041e-01   1.3360596e+00
   5.9875488e-01   1.3366699e+00
   5.9783936e-01   1.3314819e+00
   5.9692383e-01   1.3226318e+00
   5.9600830e-01   1.3085938e+00
   5.9509277e-01   1.2895203e+00
   5.9417725e-01   1.2727356e+00
   5.9326172e-01   1.2634277e+00
   5.9234619e-01   1.2532043e+00
   5.9143066e-01   1.2359619e+00
   5.9051514e-01   1.2210083e+00
   5.8959961e-01   1.2170410e+00
   5.8868408e-01   1.2174988e+00
   5.8776855e-01   1.2162781e+00
   5.8685303e-01   1.2194824e+00
   5.8593750e-01   1.2339783e+00
   5.8502197e-01   1.2510681e+00
   5.8410645e-01   1.2557983e+00
   5.8319092e-01   1.2487793e+00
   5.8227539e-01   1.2400818e+00
   5.8135986e-01   1.2345886e+00
   5.8044434e-01   1.2217712e+00
   5.7952881e-01   1.2055969e+00
   5.7861328e-01   1.2036133e+00
   5.7769775e-01   1.2155151e+00
   5.7678223e-01   1.2278748e+00
   5.7586670e-01   1.2286377e+00
   5.7495117e-01   1.2274170e+00
   5.7403564e-01   1.2301636e+00
   5.7312012e-01   1.2289429e+00
   5.7220459e-01   1.2203979e+00
   5.7128906e-01   1.2155151e+00
   5.7037354e-01   1.2272644e+00
   5.6945801e-01   1.2449646e+00
   5.6854248e-01   1.2507629e+00
   5.6762695e-01   1.2474060e+00
   5.6671143e-01   1.2551880e+00
   5.6579590e-01   1.2718201e+00
   5.6488037e-01   1.2882996e+00
   5.6396484e-01   1.3041687e+00
   5.6304932e-01   1.3198853e+00
   5.6213379e-01   1.3320923e+00
   5.6121826e-01   1.3298035e+00
   5.6030273e-01   1.3208008e+00
   5.5938721e-01   1.3136292e+00
   5.5847168e-01   1.3066101e+00
   5.5755615e-01   1.3037109e+00
   5.5664063e-01   1.3027954e+00
   5.5572510e-01   1.2934875e+00
   5.5480957e-01   1.2747192e+00
   5.5389404e-01   1.2614441e+00
   5.5297852e-01   1.2652588e+00
   5.5206299e-01   1.2727356e+00
   5.5114746e-01   1.2707520e+00
   5.5023193e-01   1.2658691e+00
   5.4931641e-01   1.2673950e+00
   5.4840088e-01   1.2760925e+00
   5.4748535e-01   1.2797546e+00
   5.4656982e-01   1.2815857e+00
   5.4565430e-01   1.2890625e+00
   5.4473877e-01   1.2963867e+00
   5.4382324e-01   1.2979126e+00
   5.4290771e-01   1.2940979e+00
   5.4199219e-01   1.2966919e+00
   5.4107666e-01   1.3017273e+00
   5.4016113e-01   1.2973022e+00
   5.3924561e-01   1.2915039e+00
   5.3833008e-01   1.2866211e+00
   5.3741455e-01   1.2820435e+00
   5.3649902e-01   1.2783813e+00
   5.3558350e-01   1.2753296e+00
   5.3466797e-01   1.2698364e+00
   5.3375244e-01   1.2524414e+00
   5.3283691e-01   1.2286377e+00
   5.3192139e-01   1.2112427e+00
   5.3100586e-01   1.2008667e+00
   5.3009033e-01   1.1909485e+00
   5.2917480e-01   1.1811829e+00
   5.2825928e-01   1.1880493e+00
   5.2734375e-01   1.2170410e+00
   5.2642822e-01   1.2507629e+00
   5.2551270e-01   1.2783813e+00
   5.2459717e-01   1.3034058e+00
   5.2368164e-01   1.3319397e+00
   5.2276611e-01   1.3555908e+00
   5.2185059e-01   1.3621521e+00
   5.2093506e-01   1.3607788e+00
   5.2001953e-01   1.3613892e+00
   5.1910400e-01   1.3665771e+00
   5.1818848e-01   1.3653564e+00
   5.1727295e-01   1.3514709e+00
   5.1635742e-01   1.3349915e+00
   5.1544189e-01   1.3230896e+00
   5.1452637e-01   1.3169861e+00
   5.1361084e-01   1.3137817e+00
   5.1269531e-01   1.3108826e+00
   5.1177979e-01   1.3093567e+00
   5.1086426e-01   1.3102722e+00
   5.0994873e-01   1.3079834e+00
   5.0903320e-01   1.2983704e+00
   5.0811768e-01   1.2840271e+00
   5.0720215e-01   1.2770081e+00
   5.0628662e-01   1.2812805e+00
   5.0537109e-01   1.2875366e+00
   5.0445557e-01   1.2887573e+00
   5.0354004e-01   1.2866211e+00
   5.0262451e-01   1.2876892e+00
   5.0170898e-01   1.2956238e+00
   5.0079346e-01   1.3052368e+00
   4.9987793e-01   1.3070679e+00
   4.9896240e-01   1.3024902e+00
   4.9804688e-01   1.3034058e+00
   4.9713135e-01   1.3177490e+00
   4.9621582e-01   1.3288879e+00
   4.9530029e-01   1.3217163e+00
   4.9438477e-01   1.3102722e+00
   4.9346924e-01   1.3043213e+00
   4.9255371e-01   1.2944031e+00
   4.9163818e-01   1.2690735e+00
   4.9072266e-01   1.2390137e+00
   4.8980713e-01   1.2298584e+00
   4.8889160e-01   1.2416077e+00
   4.8797607e-01   1.2429810e+00
   4.8706055e-01   1.2255859e+00
   4.8614502e-01   1.2101746e+00
   4.8522949e-01   1.2130737e+00
   4.8431396e-01   1.2158203e+00
   4.8339844e-01   1.2034607e+00
   4.8248291e-01   1.1958313e+00
   4.8156738e-01   1.2120056e+00
   4.8065186e-01   1.2397766e+00
   4.7973633e-01   1.2571716e+00
   4.7882080e-01   1.2672424e+00
   4.7790527e-01   1.2818909e+00
   4.7698975e-01   1.3031006e+00
   4.7607422e-01   1.3192749e+00
   4.7515869e-01   1.3201904e+00
   4.7424316e-01   1.3134766e+00
   4.7332764e-01   1.3111877e+00
   4.7241211e-01   1.3142395e+00
   4.7149658e-01   1.3085938e+00
   4.7058105e-01   1.2881470e+00
   4.6966553e-01   1.2654114e+00
   4.6875000e-01   1.2541199e+00
   4.6783447e-01   1.2542725e+00
   4.6691895e-01   1.2548828e+00
   4.6600342e-01   1.2548828e+00
   4.6508789e-01   1.2617493e+00
   4.6417236e-01   1.2724304e+00
   4.6325684e-01   1.2718201e+00
   4.6234131e-01   1.2649536e+00
   4.6142578e-01   1.2657166e+00
   4.6051025e-01   1.2808228e+00
   4.5959473e-01   1.2937927e+00
   4.5867920e-01   1.2933350e+00
   4.5776367e-01   1.2960815e+00
   4.5684814e-01   1.3073730e+00
   4.5593262e-01   1.3162231e+00
   4.5501709e-01   1.3151550e+00
   4.5410156e-01   1.3104248e+00
   4.5318604e-01   1.3116455e+00
   4.5227051e-01   1.3081360e+00
   4.5135498e-01   1.2919617e+00
   4.5043945e-01   1.2724304e+00
   4.4952393e-01   1.2588501e+00
   4.4860840e-01   1.2472534e+00
   4.4769287e-01   1.2377930e+00
   4.4677734e-01   1.2351990e+00
   4.4586182e-01   1.2397766e+00
   4.4494629e-01   1.2422180e+00
   4.4403076e-01   1.2403870e+00
   4.4311523e-01   1.2411499e+00
   4.4219971e-01   1.2475586e+00
   4.4128418e-01   1.2548828e+00
   4.4036865e-01   1.2622070e+00
   4.3945313e-01   1.2750244e+00
   4.3853760e-01   1.2869263e+00
   4.3762207e-01   1.2901306e+00
   4.3670654e-01   1.2881470e+00
   4.3579102e-01   1.2974548e+00
   4.3487549e-01   1.3160706e+00
   4.3395996e-01   1.3264465e+00
   4.3304443e-01   1.3327026e+00
   4.3212891e-01   1.3475037e+00
   4.3121338e-01   1.3681030e+00
   4.3029785e-01   1.3796997e+00
   4.2938232e-01   1.3821411e+00
   4.2846680e-01   1.3893127e+00
   4.2755127e-01   1.4002991e+00
   4.2663574e-01   1.4016724e+00
   4.2572021e-01   1.3894653e+00
   4.2480469e-01   1.3760376e+00
   4.2388916e-01   1.3688660e+00
   4.2297363e-01   1.3616943e+00
   4.2205811e-01   1.3516235e+00
   4.2114258e-01   1.3438416e+00
   4.2022705e-01   1.3438416e+00
   4.1931152e-01   1.3447571e+00
   4.1839600e-01   1.3429260e+00
   4.1748047e-01   1.3449097e+00
   4.1656494e-01   1.3563538e+00
   4.1564941e-01   1.3688660e+00
   4.1473389e-01   1.3737488e+00
   4.1381836e-01   1.3769531e+00
   4.1290283e-01   1.3873291e+00
   4.1198730e-01   1.4021301e+00
   4.1107178e-01   1.4131165e+00
   4.1015625e-01   1.4234924e+00
   4.0924072e-01   1.4387512e+00
   4.0832520e-01   1.4538574e+00
   4.0740967e-01   1.4624023e+00
   4.0649414e-01   1.4625549e+00
   4.0557861e-01   1.4601135e+00
   4.0466309e-01   1.4570618e+00
   4.0374756e-01   1.4529419e+00
   4.0283203e-01   1.4482117e+00
   4.0191650e-01   1.4428711e+00
   4.0100098e-01   1.4442444e+00
   4.0008545e-01   1.4550781e+00
   3.9916992e-01   1.4678955e+00
   3.9825439e-01   1.4790344e+00
   3.9733887e-01   1.4903259e+00
   3.9642334e-01   1.5083313e+00
   3.9550781e-01   1.5260315e+00
   3.9459229e-01   1.5344238e+00
   3.9367676e-01   1.5359497e+00
   3.9276123e-01   1.5399170e+00
   3.9184570e-01   1.5487671e+00
   3.9093018e-01   1.5538025e+00
   3.9001465e-01   1.5492249e+00
   3.8909912e-01   1.5444946e+00
   3.8818359e-01   1.5464783e+00
   3.8726807e-01   1.5492249e+00
   3.8635254e-01   1.5475464e+00
   3.8543701e-01   1.5460205e+00
   3.8452148e-01   1.5513611e+00
   3.8360596e-01   1.5574646e+00
   3.8269043e-01   1.5547180e+00
   3.8177490e-01   1.5473938e+00
   3.8085938e-01   1.5425110e+00
   3.7994385e-01   1.5440369e+00
   3.7902832e-01   1.5438843e+00
   3.7811279e-01   1.5408325e+00
   3.7719727e-01   1.5405273e+00
   3.7628174e-01   1.5458679e+00
   3.7536621e-01   1.5571594e+00
   3.7445068e-01   1.5689087e+00
   3.7353516e-01   1.5840149e+00
   3.7261963e-01   1.6015625e+00
   3.7170410e-01   1.6146851e+00
   3.7078857e-01   1.6201782e+00
   3.6987305e-01   1.6134644e+00
   3.6895752e-01   1.6015625e+00
   3.6804199e-01   1.5884399e+00
   3.6712646e-01   1.5737915e+00
   3.6621094e-01   1.5605164e+00
   3.6529541e-01   1.5478516e+00
   3.6437988e-01   1.5364075e+00
   3.6346436e-01   1.5261841e+00
   3.6254883e-01   1.5156555e+00
   3.6163330e-01   1.5020752e+00
   3.6071777e-01   1.4889526e+00
   3.5980225e-01   1.4785767e+00
   3.5888672e-01   1.4649963e+00
   3.5797119e-01   1.4457703e+00
   3.5705566e-01   1.4305115e+00
   3.5614014e-01   1.4262390e+00
   3.5522461e-01   1.4276123e+00
   3.5430908e-01   1.4242554e+00
   3.5339355e-01   1.4181519e+00
   3.5247803e-01   1.4196777e+00
   3.5156250e-01   1.4273071e+00
   3.5064697e-01   1.4341736e+00
   3.4973145e-01   1.4372253e+00
   3.4881592e-01   1.4443970e+00
   3.4790039e-01   1.4584351e+00
   3.4698486e-01   1.4656067e+00
   3.4606934e-01   1.4598083e+00
   3.4515381e-01   1.4533997e+00
   3.4423828e-01   1.4564514e+00
   3.4332275e-01   1.4602661e+00
   3.4240723e-01   1.4508057e+00
   3.4149170e-01   1.4329529e+00
   3.4057617e-01   1.4218140e+00
   3.3966064e-01   1.4173889e+00
   3.3874512e-01   1.4108276e+00
   3.3782959e-01   1.3999939e+00
   3.3691406e-01   1.3931274e+00
   3.3599854e-01   1.3900757e+00
   3.3508301e-01   1.3825989e+00
   3.3416748e-01   1.3732910e+00
   3.3325195e-01   1.3716125e+00
   3.3233643e-01   1.3801575e+00
   3.3142090e-01   1.3919067e+00
   3.3050537e-01   1.3989258e+00
   3.2958984e-01   1.4028931e+00
   3.2867432e-01   1.4076233e+00
   3.2775879e-01   1.4125061e+00
   3.2684326e-01   1.4128113e+00
   3.2592773e-01   1.4111328e+00
   3.2501221e-01   1.4126587e+00
   3.2409668e-01   1.4170837e+00
   3.2318115e-01   1.4187622e+00
   3.2226563e-01   1.4151001e+00
   3.2135010e-01   1.4115906e+00
   3.2043457e-01   1.4183044e+00
   3.1951904e-01   1.4318848e+00
   3.1860352e-01   1.4419556e+00
   3.1768799e-01   1.4447021e+00
   3.1677246e-01   1.4498901e+00
   3.1585693e-01   1.4613342e+00
   3.1494141e-01   1.4665222e+00
   3.1402588e-01   1.4602661e+00
   3.1311035e-01   1.4567566e+00
   3.1219482e-01   1.4688110e+00
   3.1127930e-01   1.4831543e+00
   3.1036377e-01   1.4863586e+00
   3.0944824e-01   1.4874268e+00
   3.0853271e-01   1.4965820e+00
   3.0761719e-01   1.5075684e+00
   3.0670166e-01   1.5089417e+00
   3.0578613e-01   1.5078735e+00
   3.0487061e-01   1.5182495e+00
   3.0395508e-01   1.5325928e+00
   3.0303955e-01   1.5365601e+00
   3.0212402e-01   1.5341187e+00
   3.0120850e-01   1.5324402e+00
   3.0029297e-01   1.5345764e+00
   2.9937744e-01   1.5380859e+00
   2.9846191e-01   1.5463257e+00
   2.9754639e-01   1.5626526e+00
   2.9663086e-01   1.5780640e+00
   2.9571533e-01   1.5892029e+00
   2.9479980e-01   1.6024780e+00
   2.9388428e-01   1.6215515e+00
   2.9296875e-01   1.6407776e+00
   2.9205322e-01   1.6545105e+00
   2.9113770e-01   1.6670227e+00
   2.9022217e-01   1.6792297e+00
   2.8930664e-01   1.6864014e+00
   2.8839111e-01   1.6889954e+00
   2.8747559e-01   1.6934204e+00
   2.8656006e-01   1.6983032e+00
   2.8564453e-01   1.6972351e+00
   2.8472900e-01   1.6923523e+00
   2.8381348e-01   1.6921997e+00
   2.8289795e-01   1.6970825e+00
   2.8198242e-01   1.6972351e+00
   2.8106689e-01   1.6894531e+00
   2.8015137e-01   1.6804504e+00
   2.7923584e-01   1.6769409e+00
   2.7832031e-01   1.6799927e+00
   2.7740479e-01   1.6860962e+00
   2.7648926e-01   1.6908264e+00
   2.7557373e-01   1.6928101e+00
   2.7465820e-01   1.6972351e+00
   2.7374268e-01   1.7063904e+00
   2.7282715e-01   1.7170715e+00
   2.7191162e-01   1.7225647e+00
   2.7099609e-01   1.7251587e+00
   2.7008057e-01   1.7343140e+00
   2.6916504e-01   1.7495728e+00
   2.6824951e-01   1.7601013e+00
   2.6733398e-01   1.7611694e+00
   2.6641846e-01   1.7604065e+00
   2.6550293e-01   1.7642212e+00
   2.6458740e-01   1.7674255e+00
   2.6367188e-01   1.7640686e+00
   2.6275635e-01   1.7611694e+00
   2.6184082e-01   1.7658997e+00
   2.6092529e-01   1.7716980e+00
   2.6000977e-01   1.7687988e+00
   2.5909424e-01   1.7584229e+00
   2.5817871e-01   1.7475891e+00
   2.5726318e-01   1.7422485e+00
   2.5634766e-01   1.7378235e+00
   2.5543213e-01   1.7306519e+00
   2.5451660e-01   1.7254639e+00
   2.5360107e-01   1.7291260e+00
   2.5268555e-01   1.7399597e+00
   2.5177002e-01   1.7494202e+00
   2.5085449e-01   1.7564392e+00
   2.4993896e-01   1.7666626e+00
   2.4902344e-01   1.7823792e+00
   2.4810791e-01   1.7988586e+00
   2.4719238e-01   1.8096924e+00
   2.4627686e-01   1.8185425e+00
   2.4536133e-01   1.8307495e+00
   2.4444580e-01   1.8458557e+00
   2.4353027e-01   1.8579102e+00
   2.4261475e-01   1.8653870e+00
   2.4169922e-01   1.8728638e+00
   2.4078369e-01   1.8850708e+00
   2.3986816e-01   1.9009399e+00
   2.3895264e-01   1.9148254e+00
   2.3803711e-01   1.9241333e+00
   2.3712158e-01   1.9303894e+00
   2.3620605e-01   1.9338989e+00
   2.3529053e-01   1.9332886e+00
   2.3437500e-01   1.9309998e+00
   2.3345947e-01   1.9319153e+00
   2.3254395e-01   1.9386292e+00
   2.3162842e-01   1.9515991e+00
   2.3071289e-01   1.9679260e+00
   2.2979736e-01   1.9863892e+00
   2.2888184e-01   2.0048523e+00
   2.2796631e-01   2.0216370e+00
   2.2705078e-01   2.0356750e+00
   2.2613525e-01   2.0475769e+00
   2.2521973e-01   2.0584106e+00
   2.2430420e-01   2.0686340e+00
   2.2338867e-01   2.0776367e+00
   2.2247314e-01   2.0838928e+00
   2.2155762e-01   2.0866394e+00
   2.2064209e-01   2.0881653e+00
   2.1972656e-01   2.0881653e+00
   2.1881104e-01   2.0858765e+00
   2.1789551e-01   2.0805359e+00
   2.1697998e-01   2.0741272e+00
   2.1606445e-01   2.0687866e+00
   2.1514893e-01   2.0637512e+00
   2.1423340e-01   2.0596313e+00
   2.1331787e-01   2.0552063e+00
   2.1240234e-01   2.0487976e+00
   2.1148682e-01   2.0416260e+00
   2.1057129e-01   2.0368958e+00
   2.0965576e-01   2.0361328e+00
   2.0874023e-01   2.0370483e+00
   2.0782471e-01   2.0375061e+00
   2.0690918e-01   2.0352173e+00
   2.0599365e-01   2.0286560e+00
   2.0507813e-01   2.0204163e+00
   2.0416260e-01   2.0100403e+00
   2.0324707e-01   1.9976807e+00
   2.0233154e-01   1.9837952e+00
   2.0141602e-01   1.9674683e+00
   2.0050049e-01   1.9479370e+00
   1.9958496e-01   1.9244385e+00
   1.9866943e-01   1.8986511e+00
   1.9775391e-01   1.8699646e+00
   1.9683838e-01   1.8356323e+00
   1.9592285e-01   1.7964172e+00
   1.9500732e-01   1.7558289e+00
   1.9409180e-01   1.7152405e+00
   1.9317627e-01   1.6726685e+00
   1.9226074e-01   1.6271973e+00
   1.9134521e-01   1.5805054e+00
   1.9042969e-01   1.5339661e+00
   1.8951416e-01   1.4866638e+00
   1.8859863e-01   1.4393616e+00
   1.8768311e-01   1.3948059e+00
   1.8676758e-01   1.3562012e+00
   1.8585205e-01   1.3244629e+00
   1.8493652e-01   1.2968445e+00
   1.8402100e-01   1.2719727e+00
   1.8310547e-01   1.2493896e+00
   1.8218994e-01   1.2272644e+00
   1.8127441e-01   1.2065125e+00
   1.8035889e-01   1.1865234e+00
   1.7944336e-01   1.1669922e+00
   1.7852783e-01   1.1447144e+00
   1.7761230e-01   1.1196899e+00
   1.7669678e-01   1.0932922e+00
   1.7578125e-01   1.0664368e+00
   1.7486572e-01   1.0377502e+00
   1.7395020e-01   1.0073853e+00
   1.7303467e-01   9.7610474e-01
   1.7211914e-01   9.4406128e-01
   1.7120361e-01   9.1140747e-01
   1.7028809e-01   8.7982178e-01
   1.6937256e-01   8.4960938e-01
   1.6845703e-01   8.2061768e-01
   1.6754150e-01   7.9238892e-01
   1.6662598e-01   7.6522827e-01
   1.6571045e-01   7.3989868e-01
   1.6479492e-01   7.1853638e-01
   1.6387939e-01   7.0007324e-01
   1.6296387e-01   6.8252563e-01
   1.6204834e-01   6.6589355e-01
   1.6113281e-01   6.5139771e-01
   1.6021729e-01   6.3751221e-01
   1.5930176e-01   6.2316895e-01
   1.5838623e-01   6.0760498e-01
   1.5747070e-01   5.8929443e-01
   1.5655518e-01   5.6976318e-01
   1.5563965e-01   5.5206299e-01
   1.5472412e-01   5.3588867e-01
   1.5380859e-01   5.1910400e-01
   1.5289307e-01   5.0033569e-01
   1.5197754e-01   4.8065186e-01
   1.5106201e-01   4.6325684e-01
   1.5014648e-01   4.4815063e-01
   1.4923096e-01   4.3457031e-01
   1.4831543e-01   4.2282104e-01
   1.4739990e-01   4.1290283e-01
   1.4648438e-01   4.0451050e-01
   1.4556885e-01   3.9642334e-01
   1.4465332e-01   3.8818359e-01
   1.4373779e-01   3.8024902e-01
   1.4282227e-01   3.7429810e-01
   1.4190674e-01   3.7063599e-01
   1.4099121e-01   3.6651611e-01
   1.4007568e-01   3.5964966e-01
   1.3916016e-01   3.4973145e-01
   1.3824463e-01   3.3889771e-01
   1.3732910e-01   3.2897949e-01
   1.3641357e-01   3.2104492e-01
   1.3549805e-01   3.1448364e-01
   1.3458252e-01   3.0746460e-01
   1.3366699e-01   2.9907227e-01
   1.3275146e-01   2.9083252e-01
   1.3183594e-01   2.8228760e-01
   1.3092041e-01   2.7435303e-01
   1.3000488e-01   2.6626587e-01
   1.2908936e-01   2.5665283e-01
   1.2817383e-01   2.4612427e-01
   1.2725830e-01   2.3559570e-01
   1.2634277e-01   2.2369385e-01
   1.2542725e-01   2.1224976e-01
   1.2451172e-01   2.0416260e-01
   1.2359619e-01   1.9989014e-01
   1.2268066e-01   1.9943237e-01
   1.2176514e-01   1.9989014e-01
   1.2084961e-01   1.9836426e-01
   1.1993408e-01   1.9592285e-01
   1.1901855e-01   1.9439697e-01
   1.1810303e-01   1.9454956e-01
   1.1718750e-01   1.9470215e-01
   1.1627197e-01   1.9378662e-01
   1.1535645e-01   1.9134521e-01
   1.1444092e-01   1.8768311e-01
   1.1352539e-01   1.8356323e-01
   1.1260986e-01   1.7913818e-01
   1.1169434e-01   1.7471313e-01
   1.1077881e-01   1.7013550e-01
   1.0986328e-01   1.6632080e-01
   1.0894775e-01   1.6265869e-01
   1.0803223e-01   1.5991211e-01
   1.0711670e-01   1.5853882e-01
   1.0620117e-01   1.5762329e-01
   1.0528564e-01   1.5609741e-01
   1.0437012e-01   1.5426636e-01
   1.0345459e-01   1.5304565e-01
   1.0253906e-01   1.5274048e-01
   1.0162354e-01   1.5380859e-01
   1.0070801e-01   1.5686035e-01
   9.9792480e-02   1.5930176e-01
   9.8876953e-02   1.5899658e-01
   9.7961426e-02   1.5518188e-01
   9.7045898e-02   1.4938354e-01
   9.6130371e-02   1.4511108e-01
   9.5214844e-02   1.4343262e-01
   9.4299316e-02   1.4343262e-01
   9.3383789e-02   1.4343262e-01
   9.2468262e-02   1.4419556e-01
   9.1552734e-02   1.4572144e-01
   9.0637207e-02   1.4572144e-01
   8.9721680e-02   1.4236450e-01
   8.8806152e-02   1.3702393e-01
   8.7890625e-02   1.2969971e-01
   8.6975098e-02   1.2176514e-01
   8.6059570e-02   1.1413574e-01
   8.5144043e-02   1.0803223e-01
   8.4228516e-02   1.0498047e-01
   8.3312988e-02   1.0406494e-01
   8.2397461e-02   1.0269165e-01
   8.1481934e-02   9.9792480e-02
   8.0566406e-02   9.7045898e-02
   7.9650879e-02   9.5672607e-02
   7.8735352e-02   9.7351074e-02
   7.7819824e-02   1.0086060e-01
   7.6904297e-02   1.0360718e-01
   7.5988770e-02   1.0360718e-01
   7.5073242e-02   1.0238647e-01
   7.4157715e-02   1.0192871e-01
   7.3242188e-02   1.0192871e-01
   7.2326660e-02   1.0299683e-01
   7.1411133e-02   1.0482788e-01
   7.0495605e-02   1.0833740e-01
   6.9580078e-02   1.1428833e-01
   6.8664551e-02   1.1917114e-01
   6.7749023e-02   1.2069702e-01
   6.6833496e-02   1.1947632e-01
   6.5917969e-02   1.1749268e-01
   6.5002441e-02   1.1398315e-01
   6.4086914e-02   1.0818481e-01
   6.3171387e-02   1.0162354e-01
   6.2255859e-02   9.3688965e-02
   6.1340332e-02   8.5601807e-02
   6.0424805e-02   8.0566406e-02
   5.9509277e-02   7.8582764e-02
   5.8593750e-02   7.7819824e-02
   5.7678223e-02   7.6293945e-02
   5.6762695e-02   7.3547363e-02
   5.5847168e-02   7.0953369e-02
   5.4931641e-02   6.9580078e-02
   5.4016113e-02   6.9427490e-02
   5.3100586e-02   6.9885254e-02
   5.2185059e-02   6.9885254e-02
   5.1269531e-02   6.7901611e-02
   5.0354004e-02   6.6528320e-02
   4.9438477e-02   6.7749023e-02
   4.8522949e-02   7.0495605e-02
   4.7607422e-02   7.2326660e-02
   4.6691895e-02   7.1258545e-02
   4.5776367e-02   6.8969727e-02
   4.4860840e-02   6.6528320e-02
   4.3945313e-02   6.4849854e-02
   4.3029785e-02   6.2866211e-02
   4.2114258e-02   6.0424805e-02
   4.1198730e-02   5.6915283e-02
   4.0283203e-02   5.3253174e-02
   3.9367676e-02   5.1727295e-02
   3.8452148e-02   5.3100586e-02
   3.7536621e-02   5.6304932e-02
   3.6621094e-02   5.8746338e-02
   3.5705566e-02   5.9356689e-02
   3.4790039e-02   5.7678223e-02
   3.3874512e-02   5.5236816e-02
   3.2958984e-02   5.1116943e-02
   3.2043457e-02   4.5166016e-02
   3.1127930e-02   3.9978027e-02
   3.0212402e-02   3.6163330e-02
   2.9296875e-02   3.4484863e-02
   2.8381348e-02   3.5858154e-02
   2.7465820e-02   3.8452148e-02
   2.6550293e-02   4.0283203e-02
   2.5634766e-02   4.0893555e-02
   2.4719238e-02   4.1961670e-02
   2.3803711e-02   4.4250488e-02
   2.2888184e-02   4.4860840e-02
   2.1972656e-02   4.1961670e-02
   2.1057129e-02   3.8604736e-02
   2.0141602e-02   3.6315918e-02
   1.9226074e-02   3.6468506e-02
   1.8310547e-02   3.7231445e-02
   1.7395020e-02   3.8604736e-02
   1.6479492e-02   3.9978027e-02
   1.5563965e-02   4.1503906e-02
   1.4648438e-02   4.2572021e-02
   1.3732910e-02   4.1656494e-02
   1.2817383e-02   3.8757324e-02
   1.1901855e-02   3.6163330e-02
   1.0986328e-02   3.3416748e-02
   1.0070801e-02   3.2196045e-02
   9.1552734e-03   3.0975342e-02
   8.2397461e-03   2.8839111e-02
   7.3242188e-03   2.6245117e-02
   6.4086914e-03   2.4414063e-02
   5.4931641e-03   2.4414063e-02
   4.5776367e-03   2.5024414e-02
   3.6621094e-03   2.4871826e-02
   2.7465820e-03   2.4108887e-02
   1.8310547e-03   2.5177002e-02
   9.1552734e-04   2.8686523e-02
   0.0000000e+00   3.3569336e-02
  -9.1552734e-04   3.7841797e-02
  -1.8310547e-03   4.0893555e-02
  -2.7465820e-03   4.2877197e-02
  -3.6621094e-03   4.4708252e-02
  -4.5776367e-03   4.7454834e-02
  -5.4931641e-03   5.0964355e-02
  -6.4086914e-03   5.4168701e-02
  -7.3242188e-03   5.7373047e-02
  -8.2397461e-03   5.9509277e-02
  -9.1552734e-03   6.2713623e-02
  -1.0070801e-02   6.6986084e-02
  -1.0986328e-02   7.1105957e-02
  -1.1901855e-02   7.4005127e-02
  -1.2817383e-02   7.3699951e-02
  -1.3732910e-02   7.0190430e-02
  -1.4648438e-02   6.3934326e-02
  -1.5563965e-02   5.6762695e-02
  -1.6479492e-02   5.0964355e-02
  -1.7395020e-02   4.8980713e-02
  -1.8310547e-02   4.9743652e-02
  -1.9226074e-02   5.0048828e-02
  -2.0141602e-02   4.9133301e-02
  -2.1057129e-02   4.9133301e-02
  -2.1972656e-02   4.9896240e-02
  -2.2888184e-02   5.1269531e-02
  -2.3803711e-02   5.2490234e-02
  -2.4719238e-02   5.3100586e-02
  -2.5634766e-02   5.4016113e-02
  -2.6550293e-02   5.6304932e-02
  -2.7465820e-02   5.9356689e-02
  -2.8381348e-02   6.2713623e-02
  -2.9296875e-02   6.5155029e-02
  -3.0212402e-02   6.5917969e-02
  -3.1127930e-02   6.5155029e-02
  -3.2043457e-02   6.3323975e-02
  -3.2958984e-02   6.1798096e-02
  -3.3874512e-02   6.0882568e-02
  -3.4790039e-02   6.2255859e-02
  -3.5705566e-02   6.4239502e-02
  -3.6621094e-02   6.6070557e-02
  -3.7536621e-02   6.6528320e-02
  -3.8452148e-02   6.6528320e-02
  -3.9367676e-02   6.5307617e-02
  -4.0283203e-02   6.3476563e-02
  -4.1198730e-02   6.1187744e-02
  -4.2114258e-02   5.9661865e-02
  -4.3029785e-02   5.9509277e-02
  -4.3945313e-02   6.0882568e-02
  -4.4860840e-02   6.3323975e-02
  -4.5776367e-02   6.6375732e-02
  -4.6691895e-02   6.8664551e-02
  -4.7607422e-02   7.0953369e-02
  -4.8522949e-02   7.4462891e-02
  -4.9438477e-02   7.9345703e-02
  -5.0354004e-02   8.4533691e-02
  -5.1269531e-02   8.9416504e-02
  -5.2185059e-02   9.4909668e-02
  -5.3100586e-02   9.9639893e-02
  -5.4016113e-02   1.0253906e-01
  -5.4931641e-02   1.0330200e-01
  -5.5847168e-02   1.0208130e-01
  -5.6762695e-02   1.0086060e-01
  -5.7678223e-02   1.0101318e-01
  -5.8593750e-02   1.0498047e-01
  -5.9509277e-02   1.1184692e-01
  -6.0424805e-02   1.1932373e-01
  -6.1340332e-02   1.2435913e-01
  -6.2255859e-02   1.2634277e-01
  -6.3171387e-02   1.2802124e-01
  -6.4086914e-02   1.3107300e-01
  -6.5002441e-02   1.3458252e-01
  -6.5917969e-02   1.3793945e-01
  -6.6833496e-02   1.4053345e-01
  -6.7749023e-02   1.4190674e-01
  -6.8664551e-02   1.4175415e-01
  -6.9580078e-02   1.3961792e-01
  -7.0495605e-02   1.3595581e-01
  -7.1411133e-02   1.3183594e-01
  -7.2326660e-02   1.2985229e-01
  -7.3242188e-02   1.3153076e-01
  -7.4157715e-02   1.3580322e-01
  -7.5073242e-02   1.3992310e-01
  -7.5988770e-02   1.4205933e-01
  -7.6904297e-02   1.4236450e-01
  -7.7819824e-02   1.4068604e-01
  -7.8735352e-02   1.3885498e-01
  -7.9650879e-02   1.3961792e-01
  -8.0566406e-02   1.4190674e-01
  -8.1481934e-02   1.4266968e-01
  -8.2397461e-02   1.4099121e-01
  -8.3312988e-02   1.3977051e-01
  -8.4228516e-02   1.4068604e-01
  -8.5144043e-02   1.4373779e-01
  -8.6059570e-02   1.4709473e-01
  -8.6975098e-02   1.4984131e-01
  -8.7890625e-02   1.5197754e-01
  -8.8806152e-02   1.5472412e-01
  -8.9721680e-02   1.5823364e-01
  -9.0637207e-02   1.6128540e-01
  -9.1552734e-02   1.6403198e-01
  -9.2468262e-02   1.6754150e-01
  -9.3383789e-02   1.7181396e-01
  -9.4299316e-02   1.7730713e-01
  -9.5214844e-02   1.8371582e-01
  -9.6130371e-02   1.9012451e-01
  -9.7045898e-02   1.9577026e-01
  -9.7961426e-02   1.9989014e-01
  -9.8876953e-02   2.0248413e-01
  -9.9792480e-02   2.0324707e-01
  -1.0070801e-01   2.0294189e-01
  -1.0162354e-01   2.0217896e-01
  -1.0253906e-01   2.0202637e-01
  -1.0345459e-01   2.0278931e-01
  -1.0437012e-01   2.0599365e-01
  -1.0528564e-01   2.1133423e-01
  -1.0620117e-01   2.1759033e-01
  -1.0711670e-01   2.2277832e-01
  -1.0803223e-01   2.2613525e-01
  -1.0894775e-01   2.2659302e-01
  -1.0986328e-01   2.2491455e-01
  -1.1077881e-01   2.2232056e-01
  -1.1169434e-01   2.2048950e-01
  -1.1260986e-01   2.2094727e-01
  -1.1352539e-01   2.2293091e-01
  -1.1444092e-01   2.2537231e-01
  -1.1535645e-01   2.2903442e-01
  -1.1627197e-01   2.3422241e-01
  -1.1718750e-01   2.3925781e-01
  -1.1810303e-01   2.4475098e-01
  -1.1901855e-01   2.5253296e-01
  -1.1993408e-01   2.6168823e-01
  -1.2084961e-01   2.7160645e-01
  -1.2176514e-01   2.8137207e-01
  -1.2268066e-01   2.8976440e-01
  -1.2359619e-01   2.9708862e-01
  -1.2451172e-01   3.0456543e-01
  -1.2542725e-01   3.1341553e-01
  -1.2634277e-01   3.2302856e-01
  -1.2725830e-01   3.3355713e-01
  -1.2817383e-01   3.4393311e-01
  -1.2908936e-01   3.5324097e-01
  -1.3000488e-01   3.6071777e-01
  -1.3092041e-01   3.6727905e-01
  -1.3183594e-01   3.7338257e-01
  -1.3275146e-01   3.7933350e-01
  -1.3366699e-01   3.8482666e-01
  -1.3458252e-01   3.8970947e-01
  -1.3549805e-01   3.9520264e-01
  -1.3641357e-01   4.0191650e-01
  -1.3732910e-01   4.1046143e-01
  -1.3824463e-01   4.1961670e-01
  -1.3916016e-01   4.2800903e-01
  -1.4007568e-01   4.3533325e-01
  -1.4099121e-01   4.4082642e-01
  -1.4190674e-01   4.4738770e-01
  -1.4282227e-01   4.5669556e-01
  -1.4373779e-01   4.6966553e-01
  -1.4465332e-01   4.8583984e-01
  -1.4556885e-01   5.0445557e-01
  -1.4648438e-01   5.2474976e-01
  -1.4739990e-01   5.4519653e-01
  -1.4831543e-01   5.6610107e-01
  -1.4923096e-01   5.8685303e-01
  -1.5014648e-01   6.0638428e-01
  -1.5106201e-01   6.2545776e-01
  -1.5197754e-01   6.4422607e-01
  -1.5289307e-01   6.6360474e-01
  -1.5380859e-01   6.8252563e-01
  -1.5472412e-01   7.0053101e-01
  -1.5563965e-01   7.1655273e-01
  -1.5655518e-01   7.3181152e-01
  -1.5747070e-01   7.4737549e-01
  -1.5838623e-01   7.6461792e-01
  -1.5930176e-01   7.8475952e-01
  -1.6021729e-01   8.0734253e-01
  -1.6113281e-01   8.3221436e-01
  -1.6204834e-01   8.6090088e-01
  -1.6296387e-01   8.9141846e-01
  -1.6387939e-01   9.2239380e-01
  -1.6479492e-01   9.5230103e-01
  -1.6571045e-01   9.8175049e-01
  -1.6662598e-01   1.0104370e+00
  -1.6754150e-01   1.0397339e+00
  -1.6845703e-01   1.0707092e+00
  -1.6937256e-01   1.1026001e+00
  -1.7028809e-01   1.1325073e+00
  -1.7120361e-01   1.1595154e+00
  -1.7211914e-01   1.1862183e+00
  -1.7303467e-01   1.2142944e+00
  -1.7395020e-01   1.2422180e+00
  -1.7486572e-01   1.2696838e+00
  -1.7578125e-01   1.2954712e+00
  -1.7669678e-01   1.3168335e+00
  -1.7761230e-01   1.3346863e+00
  -1.7852783e-01   1.3534546e+00
  -1.7944336e-01   1.3763428e+00
  -1.8035889e-01   1.4033508e+00
  -1.8127441e-01   1.4324951e+00
  -1.8218994e-01   1.4628601e+00
  -1.8310547e-01   1.4973450e+00
  -1.8402100e-01   1.5335083e+00
  -1.8493652e-01   1.5681458e+00
  -1.8585205e-01   1.5995789e+00
  -1.8676758e-01   1.6288757e+00
  -1.8768311e-01   1.6581726e+00
  -1.8859863e-01   1.6883850e+00
  -1.8951416e-01   1.7195129e+00
  -1.9042969e-01   1.7494202e+00
  -1.9134521e-01   1.7771912e+00
  -1.9226074e-01   1.8032837e+00
  -1.9317627e-01   1.8289185e+00
  -1.9409180e-01   1.8542480e+00
  -1.9500732e-01   1.8777466e+00
  -1.9592285e-01   1.8980408e+00
  -1.9683838e-01   1.9163513e+00
  -1.9775391e-01   1.9355774e+00
  -1.9866943e-01   1.9551086e+00
  -1.9958496e-01   1.9766235e+00
  -2.0050049e-01   1.9999695e+00
  -2.0141602e-01   2.0239258e+00
  -2.0233154e-01   2.0460510e+00
  -2.0324707e-01   2.0687866e+00
  -2.0416260e-01   2.0925903e+00
  -2.0507813e-01   2.1157837e+00
  -2.0599365e-01   2.1389771e+00
  -2.0690918e-01   2.1632385e+00
  -2.0782471e-01   2.1890259e+00
  -2.0874023e-01   2.2160339e+00
  -2.0965576e-01   2.2399902e+00
  -2.1057129e-01   2.2570801e+00
  -2.1148682e-01   2.2673035e+00
  -2.1240234e-01   2.2727966e+00
  -2.1331787e-01   2.2767639e+00
  -2.1423340e-01   2.2793579e+00
  -2.1514893e-01   2.2807312e+00
  -2.1606445e-01   2.2810364e+00
  -2.1697998e-01   2.2805786e+00
  -2.1789551e-01   2.2787476e+00
  -2.1881104e-01   2.2747803e+00
  -2.1972656e-01   2.2691345e+00
  -2.2064209e-01   2.2619629e+00
  -2.2155762e-01   2.2557068e+00
  -2.2247314e-01   2.2543335e+00
  -2.2338867e-01   2.2537231e+00
  -2.2430420e-01   2.2509766e+00
  -2.2521973e-01   2.2486877e+00
  -2.2613525e-01   2.2505188e+00
  -2.2705078e-01   2.2526550e+00
  -2.2796631e-01   2.2473145e+00
  -2.2888184e-01   2.2381592e+00
  -2.2979736e-01   2.2341919e+00
  -2.3071289e-01   2.2337341e+00
  -2.3162842e-01   2.2254944e+00
  -2.3254395e-01   2.2038269e+00
  -2.3345947e-01   2.1810913e+00
  -2.3437500e-01   2.1620178e+00
  -2.3529053e-01   2.1383667e+00
  -2.3620605e-01   2.1064758e+00
  -2.3712158e-01   2.0753479e+00
  -2.3803711e-01   2.0529175e+00
  -2.3895264e-01   2.0324707e+00
  -2.3986816e-01   2.0071411e+00
  -2.4078369e-01   1.9841003e+00
  -2.4169922e-01   1.9700623e+00
  -2.4261475e-01   1.9610596e+00
  -2.4353027e-01   1.9490051e+00
  -2.4444580e-01   1.9363403e+00
  -2.4536133e-01   1.9288635e+00
  -2.4627686e-01   1.9262695e+00
  -2.4719238e-01   1.9241333e+00
  -2.4810791e-01   1.9212341e+00
  -2.4902344e-01   1.9184875e+00
  -2.4993896e-01   1.9168091e+00
  -2.5085449e-01   1.9157410e+00
  -2.5177002e-01   1.9146729e+00
  -2.5268555e-01   1.9113159e+00
  -2.5360107e-01   1.9050598e+00
  -2.5451660e-01   1.8991089e+00
  -2.5543213e-01   1.8930054e+00
  -2.5634766e-01   1.8818665e+00
  -2.5726318e-01   1.8618774e+00
  -2.5817871e-01   1.8382263e+00
  -2.5909424e-01   1.8176270e+00
  -2.6000977e-01   1.7967224e+00
  -2.6092529e-01   1.7718506e+00
  -2.6184082e-01   1.7465210e+00
  -2.6275635e-01   1.7312622e+00
  -2.6367188e-01   1.7239380e+00
  -2.6458740e-01   1.7146301e+00
  -2.6550293e-01   1.7074585e+00
  -2.6641846e-01   1.7102051e+00
  -2.6733398e-01   1.7185974e+00
  -2.6824951e-01   1.7256165e+00
  -2.6916504e-01   1.7343140e+00
  -2.7008057e-01   1.7483521e+00
  -2.7099609e-01   1.7601013e+00
  -2.7191162e-01   1.7646790e+00
  -2.7282715e-01   1.7683411e+00
  -2.7374268e-01   1.7744446e+00
  -2.7465820e-01   1.7776489e+00
  -2.7557373e-01   1.7790222e+00
  -2.7648926e-01   1.7877197e+00
  -2.7740479e-01   1.7994690e+00
  -2.7832031e-01   1.8014526e+00
  -2.7923584e-01   1.7944336e+00
  -2.8015137e-01   1.7901611e+00
  -2.8106689e-01   1.7886353e+00
  -2.8198242e-01   1.7794800e+00
  -2.8289795e-01   1.7623901e+00
  -2.8381348e-01   1.7488098e+00
  -2.8472900e-01   1.7433167e+00
  -2.8564453e-01   1.7416382e+00
  -2.8656006e-01   1.7405701e+00
  -2.8747559e-01   1.7433167e+00
  -2.8839111e-01   1.7507935e+00
  -2.8930664e-01   1.7535400e+00
  -2.9022217e-01   1.7460632e+00
  -2.9113770e-01   1.7335510e+00
  -2.9205322e-01   1.7225647e+00
  -2.9296875e-01   1.7175293e+00
  -2.9388428e-01   1.7155457e+00
  -2.9479980e-01   1.7156982e+00
  -2.9571533e-01   1.7199707e+00
  -2.9663086e-01   1.7239380e+00
  -2.9754639e-01   1.7254639e+00
  -2.9846191e-01   1.7254639e+00
  -2.9937744e-01   1.7234802e+00
  -3.0029297e-01   1.7152405e+00
  -3.0120850e-01   1.6990662e+00
  -3.0212402e-01   1.6806030e+00
  -3.0303955e-01   1.6647339e+00
  -3.0395508e-01   1.6502380e+00
  -3.0487061e-01   1.6342163e+00
  -3.0578613e-01   1.6188049e+00
  -3.0670166e-01   1.6081238e+00
  -3.0761719e-01   1.6050720e+00
  -3.0853271e-01   1.6052246e+00
  -3.0944824e-01   1.6073608e+00
  -3.1036377e-01   1.6133118e+00
  -3.1127930e-01   1.6217041e+00
  -3.1219482e-01   1.6279602e+00
  -3.1311035e-01   1.6282654e+00
  -3.1402588e-01   1.6247559e+00
  -3.1494141e-01   1.6166687e+00
  -3.1585693e-01   1.6021729e+00
  -3.1677246e-01   1.5806580e+00
  -3.1768799e-01   1.5580750e+00
  -3.1860352e-01   1.5390015e+00
  -3.1951904e-01   1.5234375e+00
  -3.2043457e-01   1.5135193e+00
  -3.2135010e-01   1.5028381e+00
  -3.2226563e-01   1.4848328e+00
  -3.2318115e-01   1.4625549e+00
  -3.2409668e-01   1.4419556e+00
  -3.2501221e-01   1.4257813e+00
  -3.2592773e-01   1.4086914e+00
  -3.2684326e-01   1.3882446e+00
  -3.2775879e-01   1.3737488e+00
  -3.2867432e-01   1.3682556e+00
  -3.2958984e-01   1.3661194e+00
  -3.3050537e-01   1.3604736e+00
  -3.3142090e-01   1.3572693e+00
  -3.3233643e-01   1.3616943e+00
  -3.3325195e-01   1.3636780e+00
  -3.3416748e-01   1.3562012e+00
  -3.3508301e-01   1.3479614e+00
  -3.3599854e-01   1.3455200e+00
  -3.3691406e-01   1.3433838e+00
  -3.3782959e-01   1.3351440e+00
  -3.3874512e-01   1.3270569e+00
  -3.3966064e-01   1.3206482e+00
  -3.4057617e-01   1.3088989e+00
  -3.4149170e-01   1.2959290e+00
  -3.4240723e-01   1.2905884e+00
  -3.4332275e-01   1.2963867e+00
  -3.4423828e-01   1.3037109e+00
  -3.4515381e-01   1.3061523e+00
  -3.4606934e-01   1.3079834e+00
  -3.4698486e-01   1.3107300e+00
  -3.4790039e-01   1.3095093e+00
  -3.4881592e-01   1.3009644e+00
  -3.4973145e-01   1.2966919e+00
  -3.5064697e-01   1.3009644e+00
  -3.5156250e-01   1.3047791e+00
  -3.5247803e-01   1.3046265e+00
  -3.5339355e-01   1.3085938e+00
  -3.5430908e-01   1.3200378e+00
  -3.5522461e-01   1.3270569e+00
  -3.5614014e-01   1.3166809e+00
  -3.5705566e-01   1.3070679e+00
  -3.5797119e-01   1.3182068e+00
  -3.5888672e-01   1.3357544e+00
  -3.5980225e-01   1.3378906e+00
  -3.6071777e-01   1.3250732e+00
  -3.6163330e-01   1.3148499e+00
  -3.6254883e-01   1.3191223e+00
  -3.6346436e-01   1.3285828e+00
  -3.6437988e-01   1.3383484e+00
  -3.6529541e-01   1.3481140e+00
  -3.6621094e-01   1.3548279e+00
  -3.6712646e-01   1.3536072e+00
  -3.6804199e-01   1.3421631e+00
  -3.6895752e-01   1.3301086e+00
  -3.6987305e-01   1.3261414e+00
  -3.7078857e-01   1.3298035e+00
  -3.7170410e-01   1.3342285e+00
  -3.7261963e-01   1.3352966e+00
  -3.7353516e-01   1.3345337e+00
  -3.7445068e-01   1.3327026e+00
  -3.7536621e-01   1.3296509e+00
  -3.7628174e-01   1.3276672e+00
  -3.7719727e-01   1.3262939e+00
  -3.7811279e-01   1.3244629e+00
  -3.7902832e-01   1.3237000e+00
  -3.7994385e-01   1.3214111e+00
  -3.8085938e-01   1.3165283e+00
  -3.8177490e-01   1.3093567e+00
  -3.8269043e-01   1.3056946e+00
  -3.8360596e-01   1.3111877e+00
  -3.8452148e-01   1.3243103e+00
  -3.8543701e-01   1.3348389e+00
  -3.8635254e-01   1.3330078e+00
  -3.8726807e-01   1.3249207e+00
  -3.8818359e-01   1.3204956e+00
  -3.8909912e-01   1.3201904e+00
  -3.9001465e-01   1.3163757e+00
  -3.9093018e-01   1.3082886e+00
  -3.9184570e-01   1.3029480e+00
  -3.9276123e-01   1.3009644e+00
  -3.9367676e-01   1.2925720e+00
  -3.9459229e-01   1.2774658e+00
  -3.9550781e-01   1.2712097e+00
  -3.9642334e-01   1.2840271e+00
  -3.9733887e-01   1.3029480e+00
  -3.9825439e-01   1.3076782e+00
  -3.9916992e-01   1.2997437e+00
  -4.0008545e-01   1.2925720e+00
  -4.0100098e-01   1.2927246e+00
  -4.0191650e-01   1.2942505e+00
  -4.0283203e-01   1.2919617e+00
  -4.0374756e-01   1.2945557e+00
  -4.0466309e-01   1.3053894e+00
  -4.0557861e-01   1.3139343e+00
  -4.0649414e-01   1.3121033e+00
  -4.0740967e-01   1.3113403e+00
  -4.0832520e-01   1.3232422e+00
  -4.0924072e-01   1.3409424e+00
  -4.1015625e-01   1.3517761e+00
  -4.1107178e-01   1.3575745e+00
  -4.1198730e-01   1.3679504e+00
  -4.1290283e-01   1.3801575e+00
  -4.1381836e-01   1.3867188e+00
  -4.1473389e-01   1.3876343e+00
  -4.1564941e-01   1.3842773e+00
  -4.1656494e-01   1.3745117e+00
  -4.1748047e-01   1.3621521e+00
  -4.1839600e-01   1.3560486e+00
  -4.1931152e-01   1.3577271e+00
  -4.2022705e-01   1.3583374e+00
  -4.2114258e-01   1.3551331e+00
  -4.2205811e-01   1.3557434e+00
  -4.2297363e-01   1.3616943e+00
  -4.2388916e-01   1.3638306e+00
  -4.2480469e-01   1.3562012e+00
  -4.2572021e-01   1.3496399e+00
  -4.2663574e-01   1.3491821e+00
  -4.2755127e-01   1.3485718e+00
  -4.2846680e-01   1.3500977e+00
  -4.2938232e-01   1.3606262e+00
  -4.3029785e-01   1.3755798e+00
  -4.3121338e-01   1.3789368e+00
  -4.3212891e-01   1.3677979e+00
  -4.3304443e-01   1.3558960e+00
  -4.3395996e-01   1.3455200e+00
  -4.3487549e-01   1.3304138e+00
  -4.3579102e-01   1.3136292e+00
  -4.3670654e-01   1.3084412e+00
  -4.3762207e-01   1.3154602e+00
  -4.3853760e-01   1.3215637e+00
  -4.3945313e-01   1.3223267e+00
  -4.4036865e-01   1.3276672e+00
  -4.4128418e-01   1.3377380e+00
  -4.4219971e-01   1.3473511e+00
  -4.4311523e-01   1.3507080e+00
  -4.4403076e-01   1.3490295e+00
  -4.4494629e-01   1.3407898e+00
  -4.4586182e-01   1.3255310e+00
  -4.4677734e-01   1.3160706e+00
  -4.4769287e-01   1.3140869e+00
  -4.4860840e-01   1.3067627e+00
  -4.4952393e-01   1.2852478e+00
  -4.5043945e-01   1.2626648e+00
  -4.5135498e-01   1.2504578e+00
  -4.5227051e-01   1.2390137e+00
  -4.5318604e-01   1.2263489e+00
  -4.5410156e-01   1.2257385e+00
  -4.5501709e-01   1.2370300e+00
  -4.5593262e-01   1.2425232e+00
  -4.5684814e-01   1.2361145e+00
  -4.5776367e-01   1.2324524e+00
  -4.5867920e-01   1.2327576e+00
  -4.5959473e-01   1.2245178e+00
  -4.6051025e-01   1.2106323e+00
  -4.6142578e-01   1.2092590e+00
  -4.6234131e-01   1.2217712e+00
  -4.6325684e-01   1.2274170e+00
  -4.6417236e-01   1.2187195e+00
  -4.6508789e-01   1.2104797e+00
  -4.6600342e-01   1.2132263e+00
  -4.6691895e-01   1.2136841e+00
  -4.6783447e-01   1.2051392e+00
  -4.6875000e-01   1.2017822e+00
  -4.6966553e-01   1.2065125e+00
  -4.7058105e-01   1.2007141e+00
  -4.7149658e-01   1.1801147e+00
  -4.7241211e-01   1.1665344e+00
  -4.7332764e-01   1.1703491e+00
  -4.7424316e-01   1.1767578e+00
  -4.7515869e-01   1.1766052e+00
  -4.7607422e-01   1.1779785e+00
  -4.7698975e-01   1.1773682e+00
  -4.7790527e-01   1.1637878e+00
  -4.7882080e-01   1.1526489e+00
  -4.7973633e-01   1.1619568e+00
  -4.8065186e-01   1.1822510e+00
  -4.8156738e-01   1.1895752e+00
  -4.8248291e-01   1.1849976e+00
  -4.8339844e-01   1.1857605e+00
  -4.8431396e-01   1.1822510e+00
  -4.8522949e-01   1.1660767e+00
  -4.8614502e-01   1.1532593e+00
  -4.8706055e-01   1.1579895e+00
  -4.8797607e-01   1.1659241e+00
  -4.8889160e-01   1.1604309e+00
  -4.8980713e-01   1.1550903e+00
  -4.9072266e-01   1.1598206e+00
  -4.9163818e-01   1.1643982e+00
  -4.9255371e-01   1.1621094e+00
  -4.9346924e-01   1.1611938e+00
  -4.9438477e-01   1.1668396e+00
  -4.9530029e-01   1.1585999e+00
  -4.9621582e-01   1.1303711e+00
  -4.9713135e-01   1.1154175e+00
  -4.9804688e-01   1.1283875e+00
  -4.9896240e-01   1.1441040e+00
  -4.9987793e-01   1.1407471e+00
  -5.0079346e-01   1.1355591e+00
  -5.0170898e-01   1.1500549e+00
  -5.0262451e-01   1.1700439e+00
  -5.0354004e-01   1.1796570e+00
  -5.0445557e-01   1.1854553e+00
  -5.0537109e-01   1.1900330e+00
  -5.0628662e-01   1.1788940e+00
  -5.0720215e-01   1.1538696e+00
  -5.0811768e-01   1.1375427e+00
  -5.0903320e-01   1.1372375e+00
  -5.0994873e-01   1.1383057e+00
  -5.1086426e-01   1.1349487e+00
  -5.1177979e-01   1.1375427e+00
  -5.1269531e-01   1.1462402e+00
  -5.1361084e-01   1.1439514e+00
  -5.1452637e-01   1.1357117e+00
  -5.1544189e-01   1.1401367e+00
  -5.1635742e-01   1.1590576e+00
  -5.1727295e-01   1.1714172e+00
  -5.1818848e-01   1.1676025e+00
  -5.1910400e-01   1.1668396e+00
  -5.2001953e-01   1.1766052e+00
  -5.2093506e-01   1.1778259e+00
  -5.2185059e-01   1.1607361e+00
  -5.2276611e-01   1.1526489e+00
  -5.2368164e-01   1.1686707e+00
  -5.2459717e-01   1.1912537e+00
  -5.2551270e-01   1.2005615e+00
  -5.2642822e-01   1.1964417e+00
  -5.2734375e-01   1.1880493e+00
  -5.2825928e-01   1.1773682e+00
  -5.2917480e-01   1.1705017e+00
  -5.3009033e-01   1.1717224e+00
  -5.3100586e-01   1.1711121e+00
  -5.3192139e-01   1.1592102e+00
  -5.3283691e-01   1.1473083e+00
  -5.3375244e-01   1.1494446e+00
  -5.3466797e-01   1.1599731e+00
  -5.3558350e-01   1.1614990e+00
  -5.3649902e-01   1.1546326e+00
  -5.3741455e-01   1.1569214e+00
  -5.3833008e-01   1.1633301e+00
  -5.3924561e-01   1.1520386e+00
  -5.4016113e-01   1.1314392e+00
  -5.4107666e-01   1.1283875e+00
  -5.4199219e-01   1.1384583e+00
  -5.4290771e-01   1.1366272e+00
  -5.4382324e-01   1.1267090e+00
  -5.4473877e-01   1.1387634e+00
  -5.4565430e-01   1.1683655e+00
  -5.4656982e-01   1.1836243e+00
  -5.4748535e-01   1.1785889e+00
  -5.4840088e-01   1.1718750e+00
  -5.4931641e-01   1.1712646e+00
  -5.5023193e-01   1.1619568e+00
  -5.5114746e-01   1.1433411e+00
  -5.5206299e-01   1.1341858e+00
  -5.5297852e-01   1.1335754e+00
  -5.5389404e-01   1.1352539e+00
  -5.5480957e-01   1.1395264e+00
  -5.5572510e-01   1.1547852e+00
  -5.5664063e-01   1.1689758e+00
  -5.5755615e-01   1.1686707e+00
  -5.5847168e-01   1.1708069e+00
  -5.5938721e-01   1.1920166e+00
  -5.6030273e-01   1.2149048e+00
  -5.6121826e-01   1.2124634e+00
  -5.6213379e-01   1.1987305e+00
  -5.6304932e-01   1.1970520e+00
  -5.6396484e-01   1.2023926e+00
  -5.6488037e-01   1.1973572e+00
  -5.6579590e-01   1.1877441e+00
  -5.6671143e-01   1.1953735e+00
  -5.6762695e-01   1.2181091e+00
  -5.6854248e-01   1.2364197e+00
  -5.6945801e-01   1.2420654e+00
  -5.7037354e-01   1.2435913e+00
  -5.7128906e-01   1.2478638e+00
  -5.7220459e-01   1.2437439e+00
  -5.7312012e-01   1.2214661e+00
  -5.7403564e-01   1.1914063e+00
  -5.7495117e-01   1.1692810e+00
  -5.7586670e-01   1.1541748e+00
  -5.7678223e-01   1.1389160e+00
  -5.7769775e-01   1.1198425e+00
  -5.7861328e-01   1.1038208e+00
  -5.7952881e-01   1.1026001e+00
  -5.8044434e-01   1.1087036e+00
  -5.8135986e-01   1.1042786e+00
  -5.8227539e-01   1.0945129e+00
  -5.8319092e-01   1.0987854e+00
  -5.8410645e-01   1.1140442e+00
  -5.8502197e-01   1.1181641e+00
  -5.8593750e-01   1.1138916e+00
  -5.8685303e-01   1.1299133e+00
  -5.8776855e-01   1.1616516e+00
  -5.8868408e-01   1.1808777e+00
  -5.8959961e-01   1.1875916e+00
  -5.9051514e-01   1.2059021e+00
  -5.9143066e-01   1.2358093e+00
  -5.9234619e-01   1.2451172e+00
  -5.9326172e-01   1.2281799e+00
  -5.9417725e-01   1.2155151e+00
  -5.9509277e-01   1.2208557e+00
  -5.9600830e-01   1.2220764e+00
  -5.9692383e-01   1.2037659e+00
  -5.9783936e-01   1.1849976e+00
  -5.9875488e-01   1.1802673e+00
  -5.9967041e-01   1.1753845e+00
  -6.0058594e-01   1.1605835e+00
  -6.0150146e-01   1.1541748e+00
  -6.0241699e-01   1.1642456e+00
  -6.0333252e-01   1.1752319e+00
  -6.0424805e-01   1.1723328e+00
  -6.0516357e-01   1.1639404e+00
  -6.0607910e-01   1.1643982e+00
  -6.0699463e-01   1.1741638e+00
  -6.0791016e-01   1.1877441e+00
  -6.0882568e-01   1.2013245e+00
  -6.0974121e-01   1.2083435e+00
  -6.1065674e-01   1.2065125e+00
  -6.1157227e-01   1.2045288e+00
  -6.1248779e-01   1.2063599e+00
  -6.1340332e-01   1.1994934e+00
  -6.1431885e-01   1.1840820e+00
  -6.1523438e-01   1.1758423e+00
  -6.1614990e-01   1.1816406e+00
  -6.1706543e-01   1.1854553e+00
  -6.1798096e-01   1.1785889e+00
  -6.1889648e-01   1.1741638e+00
  -6.1981201e-01   1.1706543e+00
  -6.2072754e-01   1.1567688e+00
  -6.2164307e-01   1.1349487e+00
  -6.2255859e-01   1.1199951e+00
  -6.2347412e-01   1.1183167e+00
  -6.2438965e-01   1.1151123e+00
  -6.2530518e-01   1.1070251e+00
  -6.2622070e-01   1.1013794e+00
  -6.2713623e-01   1.1016846e+00
  -6.2805176e-01   1.1024475e+00
  -6.2896729e-01   1.1050415e+00
  -6.2988281e-01   1.1222839e+00
  -6.3079834e-01   1.1540222e+00
  -6.3171387e-01   1.1820984e+00
  -6.3262939e-01   1.2054443e+00
  -6.3354492e-01   1.2234497e+00
  -6.3446045e-01   1.2138367e+00
  -6.3537598e-01   1.1756897e+00
  -6.3629150e-01   1.1447144e+00
  -6.3720703e-01   1.1497498e+00
  -6.3812256e-01   1.1622620e+00
  -6.3903809e-01   1.1557007e+00
  -6.3995361e-01   1.1611938e+00
  -6.4086914e-01   1.1866760e+00
  -6.4178467e-01   1.1950684e+00
  -6.4270020e-01   1.1706543e+00
  -6.4361572e-01   1.1463928e+00
  -6.4453125e-01   1.1508179e+00
  -6.4544678e-01   1.1668396e+00
  -6.4636230e-01   1.1755371e+00
  -6.4727783e-01   1.1839294e+00
  -6.4819336e-01   1.1941528e+00
  -6.4910889e-01   1.1935425e+00
  -6.5002441e-01   1.1795044e+00
  -6.5093994e-01   1.1732483e+00
  -6.5185547e-01   1.1817932e+00
  -6.5277100e-01   1.1865234e+00
  -6.5368652e-01   1.1863708e+00
  -6.5460205e-01   1.1961365e+00
  -6.5551758e-01   1.2031555e+00
  -6.5643311e-01   1.1830139e+00
  -6.5734863e-01   1.1518860e+00
  -6.5826416e-01   1.1474609e+00
  -6.5917969e-01   1.1524963e+00
  -6.6009521e-01   1.1334229e+00
  -6.6101074e-01   1.1000061e+00
  -6.6192627e-01   1.0891724e+00
  -6.6284180e-01   1.0987854e+00
  -6.6375732e-01   1.0906982e+00
  -6.6467285e-01   1.0673523e+00
  -6.6558838e-01   1.0621643e+00
  -6.6650391e-01   1.0815430e+00
  -6.6741943e-01   1.1051941e+00
  -6.6833496e-01   1.1178589e+00
  -6.6925049e-01   1.1250305e+00
  -6.7016602e-01   1.1271667e+00
  -6.7108154e-01   1.1151123e+00
  -6.7199707e-01   1.1030579e+00
  -6.7291260e-01   1.0980225e+00
  -6.7382813e-01   1.0960388e+00
  -6.7474365e-01   1.0998535e+00
  -6.7565918e-01   1.1177063e+00
  -6.7657471e-01   1.1386108e+00
  -6.7749023e-01   1.1372375e+00
  -6.7840576e-01   1.1192322e+00
  -6.7932129e-01   1.1241150e+00
  -6.8023682e-01   1.1526489e+00
  -6.8115234e-01   1.1601257e+00
  -6.8206787e-01   1.1392212e+00
  -6.8298340e-01   1.1228943e+00
  -6.8389893e-01   1.1270142e+00
  -6.8481445e-01   1.1209106e+00
  -6.8572998e-01   1.1019897e+00
  -6.8664551e-01   1.1166382e+00
  -6.8756104e-01   1.1630249e+00
  -6.8847656e-01   1.1921692e+00
  -6.8939209e-01   1.1820984e+00
  -6.9030762e-01   1.1755371e+00
  -6.9122314e-01   1.1917114e+00
  -6.9213867e-01   1.1973572e+00
  -6.9305420e-01   1.1813354e+00
  -6.9396973e-01   1.1715698e+00
  -6.9488525e-01   1.1808777e+00
  -6.9580078e-01   1.1805725e+00
  -6.9671631e-01   1.1602783e+00
  -6.9763184e-01   1.1422729e+00
  -6.9854736e-01   1.1381531e+00
  -6.9946289e-01   1.1369324e+00
  -7.0037842e-01   1.1332703e+00
  -7.0129395e-01   1.1323547e+00
  -7.0220947e-01   1.1344910e+00
  -7.0312500e-01   1.1361694e+00
  -7.0404053e-01   1.1364746e+00
  -7.0495605e-01   1.1369324e+00
  -7.0587158e-01   1.1235046e+00
  -7.0678711e-01   1.0949707e+00
  -7.0770264e-01   1.0812378e+00
  -7.0861816e-01   1.1003113e+00
  -7.0953369e-01   1.1228943e+00
  -7.1044922e-01   1.1145020e+00
  -7.1136475e-01   1.1030579e+00
  -7.1228027e-01   1.1166382e+00
  -7.1319580e-01   1.1219788e+00
  -7.1411133e-01   1.0885620e+00
  -7.1502686e-01   1.0449219e+00
  -7.1594238e-01   1.0331726e+00
  -7.1685791e-01   1.0426331e+00
  -7.1777344e-01   1.0438538e+00
  -7.1868896e-01   1.0476685e+00
  -7.1960449e-01   1.0694885e+00
  -7.2052002e-01   1.0969543e+00
  -7.2143555e-01   1.1112976e+00
  -7.2235107e-01   1.1149597e+00
  -7.2326660e-01   1.1216736e+00
  -7.2418213e-01   1.1294556e+00
  -7.2509766e-01   1.1340332e+00
  -7.2601318e-01   1.1381531e+00
  -7.2692871e-01   1.1398315e+00
  -7.2784424e-01   1.1283875e+00
  -7.2875977e-01   1.1143494e+00
  -7.2967529e-01   1.1262512e+00
  -7.3059082e-01   1.1593628e+00
  -7.3150635e-01   1.1785889e+00
  -7.3242188e-01   1.1761475e+00
  -7.3333740e-01   1.1853027e+00
  -7.3425293e-01   1.2136841e+00
  -7.3516846e-01   1.2200928e+00
  -7.3608398e-01   1.1811829e+00
  -7.3699951e-01   1.1396790e+00
  -7.3791504e-01   1.1352539e+00
  -7.3883057e-01   1.1439514e+00
  -7.3974609e-01   1.1271667e+00
  -7.4066162e-01   1.0951233e+00
  -7.4157715e-01   1.0903931e+00
  -7.4249268e-01   1.1079407e+00
  -7.4340820e-01   1.1102295e+00
  -7.4432373e-01   1.0972595e+00
  -7.4523926e-01   1.1053467e+00
  -7.4615479e-01   1.1466980e+00
  -7.4707031e-01   1.1737061e+00
  -7.4798584e-01   1.1613464e+00
  -7.4890137e-01   1.1410522e+00
  -7.4981689e-01   1.1363220e+00
  -7.5073242e-01   1.1299133e+00
  -7.5164795e-01   1.1047363e+00
  -7.5256348e-01   1.0818481e+00
  -7.5347900e-01   1.0862732e+00
  -7.5439453e-01   1.0998535e+00
  -7.5531006e-01   1.0980225e+00
  -7.5622559e-01   1.0830688e+00
  -7.5714111e-01   1.0818481e+00
  -7.5805664e-01   1.0986328e+00
  -7.5897217e-01   1.1076355e+00
  -7.5988770e-01   1.1054993e+00
  -7.6080322e-01   1.1054993e+00
  -7.6171875e-01   1.1128235e+00
  -7.6263428e-01   1.1111450e+00
  -7.6354980e-01   1.1033630e+00
  -7.6446533e-01   1.1112976e+00
  -7.6538086e-01   1.1282349e+00
  -7.6629639e-01   1.1380005e+00
  -7.6721191e-01   1.1422729e+00
  -7.6812744e-01   1.1492920e+00
  -7.6904297e-01   1.1575317e+00
  -7.6995850e-01   1.1592102e+00
  -7.7087402e-01   1.1575317e+00
  -7.7178955e-01   1.1590576e+00
  -7.7270508e-01   1.1553955e+00
  -7.7362061e-01   1.1508179e+00
  -7.7453613e-01   1.1512756e+00
  -7.7545166e-01   1.1561584e+00
  -7.7636719e-01   1.1619568e+00
  -7.7728271e-01   1.1683655e+00
  -7.7819824e-01   1.1854553e+00
  -7.7911377e-01   1.2094116e+00
  -7.8002930e-01   1.2150574e+00
  -7.8094482e-01   1.1894226e+00
  -7.8186035e-01   1.1483765e+00
  -7.8277588e-01   1.1231995e+00
  -7.8369141e-01   1.1253357e+00
  -7.8460693e-01   1.1412048e+00
  -7.8552246e-01   1.1557007e+00
  -7.8643799e-01   1.1555481e+00
  -7.8735352e-01   1.1482239e+00
  -7.8826904e-01   1.1437988e+00
  -7.8918457e-01   1.1299133e+00
  -7.9010010e-01   1.1003113e+00
  -7.9101563e-01   1.0717773e+00
  -7.9193115e-01   1.0725403e+00
  -7.9284668e-01   1.0856628e+00
  -7.9376221e-01   1.0734558e+00
  -7.9467773e-01   1.0546875e+00
  -7.9559326e-01   1.0679626e+00
  -7.9650879e-01   1.1033630e+00
  -7.9742432e-01   1.1172485e+00
  -7.9833984e-01   1.0935974e+00
  -7.9925537e-01   1.0778809e+00
  -8.0017090e-01   1.0911560e+00
  -8.0108643e-01   1.1044312e+00
  -8.0200195e-01   1.1035156e+00
  -8.0291748e-01   1.0986328e+00
  -8.0383301e-01   1.1021423e+00
  -8.0474854e-01   1.0980225e+00
  -8.0566406e-01   1.0795593e+00
  -8.0657959e-01   1.0745239e+00
  -8.0749512e-01   1.0917664e+00
  -8.0841064e-01   1.1209106e+00
  -8.0932617e-01   1.1497498e+00
  -8.1024170e-01   1.1698914e+00
  -8.1115723e-01   1.1738586e+00
  -8.1207275e-01   1.1625671e+00
  -8.1298828e-01   1.1558533e+00
  -8.1390381e-01   1.1637878e+00
  -8.1481934e-01   1.1767578e+00
  -8.1573486e-01   1.1788940e+00
  -8.1665039e-01   1.1698914e+00
  -8.1756592e-01   1.1625671e+00
  -8.1848145e-01   1.1547852e+00
  -8.1939697e-01   1.1421204e+00
  -8.2031250e-01   1.1224365e+00
  -8.2122803e-01   1.1004639e+00
  -8.2214355e-01   1.0920715e+00
  -8.2305908e-01   1.0974121e+00
  -8.2397461e-01   1.1169434e+00
  -8.2489014e-01   1.1447144e+00
  -8.2580566e-01   1.1596680e+00
  -8.2672119e-01   1.1579895e+00
  -8.2763672e-01   1.1392212e+00
  -8.2855225e-01   1.1160278e+00
  -8.2946777e-01   1.1021423e+00
  -8.3038330e-01   1.1022949e+00
  -8.3129883e-01   1.1116028e+00
  -8.3221436e-01   1.1068726e+00
  -8.3312988e-01   1.0870361e+00
  -8.3404541e-01   1.0762024e+00
  -8.3496094e-01   1.0830688e+00
  -8.3587646e-01   1.0877991e+00
  -8.3679199e-01   1.0890198e+00
  -8.3770752e-01   1.1047363e+00
  -8.3862305e-01   1.1280823e+00
  -8.3953857e-01   1.1322021e+00
  -8.4045410e-01   1.1157227e+00
  -8.4136963e-01   1.1042786e+00
  -8.4228516e-01   1.1027527e+00
  -8.4320068e-01   1.0974121e+00
  -8.4411621e-01   1.0859680e+00
  -8.4503174e-01   1.0897827e+00
  -8.4594727e-01   1.1059570e+00
  -8.4686279e-01   1.1059570e+00
  -8.4777832e-01   1.0893250e+00
  -8.4869385e-01   1.0827637e+00
  -8.4960938e-01   1.1007690e+00
  -8.5052490e-01   1.1125183e+00
  -8.5144043e-01   1.0963440e+00
  -8.5235596e-01   1.0758972e+00
  -8.5327148e-01   1.0708618e+00
  -8.5418701e-01   1.0678101e+00
  -8.5510254e-01   1.0578918e+00
  -8.5601807e-01   1.0700989e+00
  -8.5693359e-01   1.1125183e+00
  -8.5784912e-01   1.1622620e+00
  -8.5876465e-01   1.1886597e+00
  -8.5968018e-01   1.1952209e+00
  -8.6059570e-01   1.1984253e+00
  -8.6151123e-01   1.1897278e+00
  -8.6242676e-01   1.1723328e+00
  -8.6334229e-01   1.1663818e+00
  -8.6425781e-01   1.1798096e+00
  -8.6517334e-01   1.1997986e+00
  -8.6608887e-01   1.2039185e+00
  -8.6700439e-01   1.1926270e+00
  -8.6791992e-01   1.1724854e+00
  -8.6883545e-01   1.1491394e+00
  -8.6975098e-01   1.1344910e+00
  -8.7066650e-01   1.1277771e+00
  -8.7158203e-01   1.1306763e+00
  -8.7249756e-01   1.1367798e+00
  -8.7341309e-01   1.1376953e+00
  -8.7432861e-01   1.1222839e+00
  -8.7524414e-01   1.0981750e+00
  -8.7615967e-01   1.0862732e+00
  -8.7707520e-01   1.0836792e+00
  -8.7799072e-01   1.0813904e+00
  -8.7890625e-01   1.0731506e+00
  -8.7982178e-01   1.0725403e+00
  -8.8073730e-01   1.0780334e+00
  -8.8165283e-01   1.0835266e+00
  -8.8256836e-01   1.0923767e+00
  -8.8348389e-01   1.1080933e+00
  -8.8439941e-01   1.1291504e+00
  -8.8531494e-01   1.1387634e+00
  -8.8623047e-01   1.1273193e+00
  -8.8714600e-01   1.1041260e+00
  -8.8806152e-01   1.0978699e+00
  -8.8897705e-01   1.1178589e+00
  -8.8989258e-01   1.1473083e+00
  -8.9080811e-01   1.1650085e+00
  -8.9172363e-01   1.1650085e+00
  -8.9263916e-01   1.1595154e+00
  -8.9355469e-01   1.1573792e+00
  -8.9447021e-01   1.1621094e+00
  -8.9538574e-01   1.1668396e+00
  -8.9630127e-01   1.1592102e+00
  -8.9721680e-01   1.1491394e+00
  -8.9813232e-01   1.1419678e+00
  -8.9904785e-01   1.1309814e+00
  -8.9996338e-01   1.1105347e+00
  -9.0087891e-01   1.0894775e+00
  -9.0179443e-01   1.0842896e+00
  -9.0270996e-01   1.0748291e+00
  -9.0362549e-01   1.0530090e+00
  -9.0454102e-01   1.0429382e+00
  -9.0545654e-01   1.0704041e+00
  -9.0637207e-01   1.1184692e+00
  -9.0728760e-01   1.1358643e+00
  -9.0820313e-01   1.1273193e+00
  -9.0911865e-01   1.1360168e+00
  -9.1003418e-01   1.1724854e+00
  -9.1094971e-01   1.2011719e+00
  -9.1186523e-01   1.1953735e+00
  -9.1278076e-01   1.1868286e+00
  -9.1369629e-01   1.2022400e+00
  -9.1461182e-01   1.2164307e+00
  -9.1552734e-01   1.2026978e+00
  -9.1644287e-01   1.1720276e+00
  -9.1735840e-01   1.1569214e+00
  -9.1827393e-01   1.1633301e+00
  -9.1918945e-01   1.1648560e+00
  -9.2010498e-01   1.1573792e+00
  -9.2102051e-01   1.1535645e+00
  -9.2193604e-01   1.1581421e+00
  -9.2285156e-01   1.1570740e+00
  -9.2376709e-01   1.1352539e+00
  -9.2468262e-01   1.1091614e+00
  -9.2559814e-01   1.1009216e+00
  -9.2651367e-01   1.1154175e+00
  -9.2742920e-01   1.1318970e+00
  -9.2834473e-01   1.1221313e+00
  -9.2926025e-01   1.1009216e+00
  -9.3017578e-01   1.1004639e+00
  -9.3109131e-01   1.1250305e+00
  -9.3200684e-01   1.1399841e+00
  -9.3292236e-01   1.1203003e+00
  -9.3383789e-01   1.0897827e+00
  -9.3475342e-01   1.0762024e+00
  -9.3566895e-01   1.0702515e+00
  -9.3658447e-01   1.0586548e+00
  -9.3750000e-01   1.0466003e+00
  -9.3841553e-01   1.0543823e+00
  -9.3933105e-01   1.0762024e+00
  -9.4024658e-01   1.0937500e+00
  -9.4116211e-01   1.1019897e+00
  -9.4207764e-01   1.1085510e+00
  -9.4299316e-01   1.1257935e+00
  -9.4390869e-01   1.1437988e+00
  -9.4482422e-01   1.1505127e+00
  -9.4573975e-01   1.1451721e+00
  -9.4665527e-01   1.1360168e+00
  -9.4757080e-01   1.1351013e+00
  -9.4848633e-01   1.1412048e+00
  -9.4940186e-01   1.1492920e+00
  -9.5031738e-01   1.1532593e+00
  -9.5123291e-01   1.1558533e+00
  -9.5214844e-01   1.1694336e+00
  -9.5306396e-01   1.1865234e+00
  -9.5397949e-01   1.1846924e+00
  -9.5489502e-01   1.1647034e+00
  -9.5581055e-01   1.1569214e+00
  -9.5672607e-01   1.1705017e+00
  -9.5764160e-01   1.1843872e+00
  -9.5855713e-01   1.1892700e+00
  -9.5947266e-01   1.1981201e+00
  -9.6038818e-01   1.2170410e+00
  -9.6130371e-01   1.2251282e+00
  -9.6221924e-01   1.2078857e+00
  -9.6313477e-01   1.1743164e+00
  -9.6405029e-01   1.1515808e+00
  -9.6496582e-01   1.1489868e+00
  -9.6588135e-01   1.1454773e+00
  -9.6679688e-01   1.1256409e+00
  -9.6771240e-01   1.1027527e+00
  -9.6862793e-01   1.1038208e+00
  -9.6954346e-01   1.1175537e+00
  -9.7045898e-01   1.1073303e+00
  -9.7137451e-01   1.0676575e+00
  -9.7229004e-01   1.0345459e+00
  -9.7320557e-01   1.0298157e+00
  -9.7412109e-01   1.0482788e+00
  -9.7503662e-01   1.0725403e+00
  -9.7595215e-01   1.1007690e+00
  -9.7686768e-01   1.1340332e+00
  -9.7778320e-01   1.1547852e+00
  -9.7869873e-01   1.1566162e+00
  -9.7961426e-01   1.1447144e+00
  -9.8052979e-01   1.1413574e+00
  -9.8144531e-01   1.1534119e+00
  -9.8236084e-01   1.1515808e+00
  -9.8327637e-01   1.1294556e+00
  -9.8419189e-01   1.1091614e+00
  -9.8510742e-01   1.1170959e+00
  -9.8602295e-01   1.1360168e+00
  -9.8693848e-01   1.1299133e+00
  -9.8785400e-01   1.1143494e+00
  -9.8876953e-01   1.1087036e+00
  -9.8968506e-01   1.1177063e+00
  -9.9060059e-01   1.1216736e+00
  -9.9151611e-01   1.1166382e+00
  -9.9243164e-01   1.1183167e+00
  -9.9334717e-01   1.1186218e+00
  -9.9426270e-01   1.1138916e+00
  -9.9517822e-01   1.1132813e+00
  -9.9609375e-01   1.1276245e+00
  -9.9700928e-01   1.1622620e+00
  -9.9792480e-01   1.2001038e+00
  -9.9884033e-01   1.2339783e+00
  -9.9975586e-01   1.2599182e+00
  -1.0006714e+00   1.2673950e+00
